1 0.19552529182879377 0.17801556420233464 0.08025291828793775 0.16488326848249027
1 0.06031128404669261 0.181420233463035 0.08998054474708171 0.16877431906614787
1 0.31663424124513617 0.1882295719844358 0.06857976653696499 0.12013618677042802
1 0.7178988326848249 0.20282101167315175 0.08365758754863813 0.17023346303501946
1 0.47422178988326846 0.2135214007782101 0.08754863813229571 0.1575875486381323
1 0.4061284046692607 0.2169260700389105 0.06712062256809338 0.10992217898832685
1 0.8599221789883269 0.25680933852140075 0.09776264591439689 0.17801556420233464
0 0.5321011673151751 0.4654669260700389 0.01556420233463035 0.01264591439688716
0 0.504863813229572 0.4664396887159533 0.011673151750972763 0.013132295719844358
0 0.11186770428015565 0.47470817120622566 0.014105058365758755 0.014105058365758755
1 0.5359922178988327 0.47519455252918286 0.08365758754863813 0.18968871595330739
0 0.13861867704280156 0.4785992217898833 0.020428015564202335 0.011673151750972763
1 0.14980544747081712 0.4790856031128405 0.09241245136186771 0.181420233463035
6 0.3521400778210117 0.4980544747081712 0.1220817120622568 0.13570038910505836
1 0.8983463035019456 0.5160505836575876 0.09776264591439689 0.21108949416342412
1 0.3638132295719844 0.5559338521400778 0.0943579766536965 0.1916342412451362
1 0.6123540856031129 0.5622568093385214 0.09922178988326848 0.22568093385214008
1 0.8093385214007782 0.5851167315175098 0.10408560311284047 0.19990272373540857