1 0.2840466926070039 0.19601167315175097 0.13424124513618677 0.29523346303501946
0 0.5087548638132295 0.3132295719844358 0.018968871595330738 0.016536964980544747
0 0.5491245136186771 0.3214980544747082 0.02188715953307393 0.02188715953307393
1 0.5228599221789884 0.35068093385214005 0.10311284046692606 0.20087548638132297
6 0.64931906614786 0.4713035019455253 0.10846303501945526 0.11867704280155641
1 0.644455252918288 0.5068093385214008 0.07636186770428016 0.1522373540856031
1 0.8044747081712063 0.507295719844358 0.05690661478599222 0.11429961089494163
6 0.7261673151750972 0.5539883268482491 0.0632295719844358 0.07344357976653697
1 0.7285992217898832 0.5924124513618677 0.05787937743190662 0.10846303501945526
0 0.879863813229572 0.6381322957198443 0.008754863813229572 0.008754863813229572
0 0.8594357976653697 0.6400778210116731 0.008754863813229572 0.008754863813229572
1 0.8642996108949417 0.6502918287937743 0.046206225680933855 0.10019455252918288