1 0.9401750972762646 0.25486381322957197 0.11429961089494163 0.5053501945525292
0 0.1522373540856031 0.2689688715953307 0.025778210116731516 0.024319066147859923
0 0.10262645914396887 0.2830739299610895 0.026750972762645913 0.018968871595330738
1 0.12791828793774318 0.29571984435797666 0.10603112840466926 0.245136186770428
0 0.4406614785992218 0.3535992217898833 0.02480544747081712 0.02091439688715953
0 0.384727626459144 0.35797665369649806 0.025778210116731516 0.01799610894941634
1 0.41050583657587547 0.3720817120622568 0.13278210116731518 0.29863813229571984
0 0.7047665369649806 0.3759727626459144 0.047665369649805445 0.0325875486381323
0 0.6318093385214008 0.3978599221789883 0.02188715953307393 0.03501945525291829
1 0.7509727626459144 0.4095330739299611 0.2733463035019455 0.6118677042801557
0 0.14250972762645914 0.5753891050583657 0.0325875486381323 0.02480544747081712
0 0.08414396887159534 0.5948443579766537 0.03842412451361868 0.03745136186770428
1 0.11624513618677043 0.642023346303502 0.14007782101167315 0.3555447470817121
1 0.3779182879377432 0.1546692607003891 0.09922178988326848 0.1921206225680934