1 0.8706225680933852 0.5744163424124513 0.03988326848249027 0.07636186770428016
1 0.6629377431906615 0.580739299610895 0.02821011673151751 0.05690661478599222
1 0.3356031128404669 0.5860894941634242 0.023346303501945526 0.04085603112840467
0 0.5666342412451362 0.5860894941634242 0.005350194552529183 0.0048638132295719845
1 0.47519455252918286 0.5860894941634242 0.0325875486381323 0.05787937743190662
4 0.4892996108949416 0.5865758754863813 0.005350194552529183 0.010214007782101167
4 0.3424124513618677 0.5865758754863813 0.0048638132295719845 0.008754863813229572
4 0.6697470817120622 0.5865758754863813 0.0048638132295719845 0.010214007782101167
0 0.5768482490272373 0.5885214007782101 0.0038910505836575876 0.0029182879377431907
1 0.5705252918287937 0.5919260700389105 0.02821011673151751 0.05009727626459144
4 0.5719844357976653 0.5948443579766537 0.005350194552529183 0.008754863813229572
3 0.3419260700389105 0.5963035019455253 0.008754863813229572 0.00632295719844358
3 0.6682879377431906 0.5982490272373541 0.010700389105058366 0.006809338521400778
0 0.7349221789883269 0.6021400778210116 0.0029182879377431907 0.00632295719844358
0 0.7276264591439688 0.603112840466926 0.00632295719844358 0.005350194552529183
3 0.5705252918287937 0.6040856031128404 0.008754863813229572 0.006809338521400778
5 0.5714980544747081 0.6045719844357976 0.005350194552529183 0.0038910505836575876
1 0.7251945525291829 0.6074902723735408 0.02480544747081712 0.045233463035019454
4 0.732976653696498 0.6094357976653697 0.0048638132295719845 0.008754863813229572
3 0.730544747081712 0.617704280155642 0.007782101167315175 0.007782101167315175
1 0.181420233463035 0.6371595330739299 0.03599221789883268 0.05933852140077821
4 0.1916342412451362 0.6454280155642024 0.0038910505836575876 0.008754863813229572