0 0.15369649805447472 0.1517509727626459 0.01556420233463035 0.013132295719844358
0 0.1259727626459144 0.15272373540856032 0.015077821011673152 0.013132295719844358
1 0.13667315175097275 0.15953307392996108 0.06955252918287938 0.13910505836575876
4 0.14153696498054474 0.17217898832684825 0.016536964980544747 0.0311284046692607
1 0.3837548638132296 0.17363813229571984 0.06712062256809338 0.14056420233463035
0 0.3730544747081712 0.17850194552529183 0.013132295719844358 0.015077821011673152
1 0.627431906614786 0.17947470817120623 0.06857976653696499 0.1517509727626459
0 0.3983463035019455 0.18385214007782102 0.011673151750972763 0.013132295719844358
4 0.3857003891050584 0.20087548638132297 0.016536964980544747 0.028696498054474707
3 0.14250972762645914 0.20525291828793774 0.026750972762645913 0.019455252918287938
1 0.8608949416342413 0.22519455252918288 0.10408560311284047 0.23346303501945526
0 0.6536964980544747 0.22811284046692606 0.017023346303501944 0.016536964980544747
4 0.870136186770428 0.23103112840466927 0.026750972762645913 0.04377431906614786
0 0.681420233463035 0.23103112840466927 0.019455252918287938 0.016536964980544747
1 0.6760700389105059 0.23978599221789884 0.07198443579766536 0.14396887159533073
0 0.3764591439688716 0.316147859922179 0.016536964980544747 0.014105058365758755
1 0.19941634241245138 0.33657587548638135 0.08025291828793775 0.13375486381322957
0 0.49270428015564205 0.3944552529182879 0.028696498054474707 0.029669260700389104
0 0.4469844357976654 0.4051556420233463 0.02821011673151751 0.029669260700389104
1 0.47616731517509725 0.41293774319066145 0.12110894941634241 0.23929961089494164
4 0.47373540856031127 0.43336575875486383 0.02821011673151751 0.05398832684824903
0 0.2796692607003891 0.44406614785992216 0.01799610894941634 0.016536964980544747
0 0.308852140077821 0.4474708171206226 0.019455252918287938 0.017023346303501944
1 0.3156614785992218 0.45379377431906615 0.0963035019455253 0.181420233463035
4 0.2908560311284047 0.47324902723735407 0.02091439688715953 0.038910505836575876
3 0.4771400778210117 0.48492217898832685 0.036478599221789886 0.029669260700389104
1 0.33657587548638135 0.05155642023346303 0.038910505836575876 0.0963035019455253
4 0.3463035019455253 0.053501945525291826 0.00924124513618677 0.020428015564202335
0 0.6921206225680934 0.6395914396887159 0.03356031128404669 0.027237354085603113
0 0.7431906614785992 0.642023346303502 0.0311284046692607 0.025778210116731516
1 0.7193579766536965 0.6585603112840467 0.129863813229572 0.25778210116731515
4 0.49319066147859925 0.06712062256809338 0.008754863813229572 0.019455252918287938
1 0.49367704280155644 0.06955252918287938 0.038910505836575876 0.08657587548638132
3 0.3443579766536965 0.07247081712062257 0.011673151750972763 0.010700389105058366
0 0.1303501945525292 0.7777237354085603 0.019455252918287938 0.018968871595330738
0 0.10068093385214008 0.7782101167315175 0.01556420233463035 0.016536964980544747
1 0.129863813229572 0.7796692607003891 0.08219844357976654 0.1522373540856031
4 0.11284046692607004 0.7981517509727627 0.017023346303501944 0.032101167315175094
3 0.49367704280155644 0.08608949416342412 0.013132295719844358 0.01264591439688716
1 0.5403696498054474 0.10019455252918288 0.05787937743190662 0.1240272373540856