0 0.5379377431906615 0.2514591439688716 0.024319066147859923 0.018968871595330738
0 0.5004863813229572 0.2534046692607004 0.020428015564202335 0.016536964980544747
1 0.5306420233463035 0.26410505836575876 0.09046692607003891 0.21108949416342412
1 0.7251945525291829 0.3336575875486381 0.05009727626459144 0.11721789883268482
0 0.8740272373540856 0.34824902723735407 0.010214007782101167 0.01264591439688716
0 0.855544747081712 0.35019455252918286 0.01264591439688716 0.011673151750972763
1 0.8652723735408561 0.3535992217898833 0.05155642023346303 0.11429961089494163
0 0.29669260700389105 0.5452334630350194 0.019455252918287938 0.01799610894941634
0 0.33025291828793774 0.5539883268482491 0.019455252918287938 0.015077821011673152
1 0.3146887159533074 0.5617704280155642 0.08511673151750973 0.1833657587548638
1 0.4567120622568093 0.0928988326848249 0.08122568093385214 0.1857976653696498
0 0.5875486381322957 0.1259727626459144 0.018968871595330738 0.016536964980544747
0 0.5505836575875487 0.12791828793774318 0.016536964980544747 0.014105058365758755
1 0.5763618677042801 0.14348249027237353 0.08122568093385214 0.18433852140077822