0 0.6741245136186771 0.3404669260700389 0.025778210116731516 0.01799610894941634
0 0.6361867704280155 0.3477626459143969 0.020428015564202335 0.01556420233463035
1 0.6673151750972762 0.36138132295719844 0.10214007782101167 0.16488326848249027
4 0.6561284046692607 0.36819066147859925 0.026750972762645913 0.03988326848249027
0 0.28891050583657585 0.3784046692607004 0.023346303501945526 0.014105058365758755
1 0.3044747081712062 0.38813229571984437 0.0943579766536965 0.17169260700389105
5 0.6614785992217899 0.40175097276264593 0.0306420233463035 0.013132295719844358
3 0.6614785992217899 0.4022373540856031 0.042801556420233464 0.027237354085603113
0 0.8078793774319066 0.5817120622568094 0.029669260700389104 0.018968871595330738
0 0.20184824902723736 0.5821984435797666 0.024319066147859923 0.01556420233463035
0 0.7616731517509727 0.5826848249027238 0.029669260700389104 0.018968871595330738
1 0.7898832684824902 0.603112840466926 0.10797665369649806 0.19698443579766536
1 0.2130350194552529 0.6040856031128404 0.12013618677042802 0.2193579766536965
4 0.22130350194552528 0.617704280155642 0.03501945525291829 0.046206225680933855
5 0.2140077821011673 0.6609922178988327 0.0325875486381323 0.01799610894941634
3 0.2135214007782101 0.6624513618677043 0.045233463035019454 0.03599221789883268