1 0.6021400778210116 0.7495136186770428 0.03745136186770428 0.06809338521400778
1 0.32733463035019456 0.7689688715953308 0.03745136186770428 0.06566147859922179
1 0.9382295719844358 0.7767509727626459 0.03501945525291829 0.058365758754863814
1 0.6940661478599222 0.07782101167315175 0.026750972762645913 0.04231517509727627
0 0.4571984435797665 0.7840466926070039 0.007782101167315175 0.00632295719844358
0 0.4654669260700389 0.7845330739299611 0.005350194552529183 0.00632295719844358
1 0.45330739299610895 0.7864785992217899 0.032101167315175094 0.05398832684824903
1 0.9061284046692607 0.796692607003891 0.03745136186770428 0.06809338521400778
0 0.9178015564202334 0.796692607003891 0.008754863813229572 0.007782101167315175
0 0.9036964980544747 0.7981517509727627 0.010214007782101167 0.00632295719844358
0 0.6522373540856031 0.8180933852140078 0.008754863813229572 0.006809338521400778
1 0.646887159533074 0.8195525291828794 0.03745136186770428 0.06809338521400778
1 0.6361867704280155 0.08463035019455253 0.02091439688715953 0.03501945525291829
1 0.5447470817120622 0.8642996108949417 0.04231517509727627 0.07101167315175097
6 0.9810311284046692 0.08657587548638132 0.026750972762645913 0.022859922178988325
0 0.6984435797665369 0.08754863813229571 0.0024319066147859923 0.0029182879377431907
0 0.7028210116731517 0.08803501945525292 0.0038910505836575876 0.0029182879377431907
1 0.8404669260700389 0.08852140077821012 0.02188715953307393 0.03453307392996109
1 0.3151750972762646 0.08949416342412451 0.02091439688715953 0.036478599221789886
1 0.7047665369649806 0.08998054474708171 0.01799610894941634 0.03356031128404669
1 0.7490272373540856 0.9036964980544747 0.045233463035019454 0.08657587548638132
4 0.8360894941634242 0.09192607003891051 0.0048638132295719845 0.006809338521400778
1 0.7947470817120622 0.09241245136186771 0.02480544747081712 0.0325875486381323
1 0.41099221789883267 0.9255836575875487 0.04134241245136187 0.07976653696498054
1 0.24708171206225682 0.9377431906614786 0.03988326848249027 0.06809338521400778
1 0.9800583657587548 0.0963035019455253 0.0306420233463035 0.05301556420233463
1 0.9051556420233463 0.9659533073929961 0.046206225680933855 0.06663424124513619
3 0.835603112840467 0.09824902723735408 0.00632295719844358 0.0048638132295719845
1 0.43142023346303504 0.10165369649805447 0.026750972762645913 0.04377431906614786
1 0.5398832684824902 0.10311284046692606 0.020428015564202335 0.03453307392996109
1 0.7310311284046692 0.10603112840466926 0.020428015564202335 0.03599221789883268
1 0.4036964980544747 0.11040856031128404 0.02480544747081712 0.04134241245136187
4 0.3978599221789883 0.11673151750972763 0.0048638132295719845 0.007782101167315175
1 0.29766536964980544 0.11964980544747082 0.02188715953307393 0.04134241245136187
3 0.39980544747081714 0.1240272373540856 0.005350194552529183 0.0048638132295719845
1 0.6293774319066148 0.013132295719844358 0.02480544747081712 0.025778210116731516
1 0.767023346303502 0.013618677042801557 0.024319066147859923 0.027237354085603113
1 0.6731517509727627 0.13180933852140078 0.024319066147859923 0.04377431906614786
0 0.4917315175097276 0.13326848249027237 0.0048638132295719845 0.0038910505836575876
0 0.4980544747081712 0.13472762645914396 0.005350194552529183 0.0038910505836575876
1 0.4990272373540856 0.13667315175097275 0.020428015564202335 0.03501945525291829
4 0.6794747081712063 0.13764591439688717 0.0048638132295719845 0.007782101167315175
1 0.7373540856031129 0.14007782101167315 0.02091439688715953 0.032101167315175094
4 0.7368677042801557 0.14202334630350194 0.0038910505836575876 0.007782101167315175
6 0.5437743190661478 0.015077821011673152 0.020428015564202335 0.022859922178988325
3 0.6785019455252919 0.14445525291828792 0.00632295719844358 0.005350194552529183
1 0.26361867704280156 0.14542801556420235 0.02091439688715953 0.032101167315175094
3 0.7368677042801557 0.14931906614785992 0.010214007782101167 0.00632295719844358
6 0.6439688715953308 0.1517509727626459 0.02188715953307393 0.022859922178988325
1 0.644455252918288 0.1619649805447471 0.020428015564202335 0.03599221789883268
1 0.8268482490272373 0.16439688715953307 0.020428015564202335 0.03745136186770428
1 0.870136186770428 0.16488326848249027 0.020428015564202335 0.03453307392996109
1 0.45428015564202334 0.017023346303501944 0.02188715953307393 0.0311284046692607
3 0.6459143968871596 0.17363813229571984 0.00632295719844358 0.0048638132295719845
1 0.9562256809338522 0.17996108949416342 0.019455252918287938 0.038910505836575876
1 0.9294747081712063 0.17996108949416342 0.020428015564202335 0.036478599221789886
1 0.622568093385214 0.1867704280155642 0.022859922178988325 0.03842412451361868
1 0.35992217898832685 0.018968871595330738 0.024319066147859923 0.03599221789883268
6 0.32587548638132297 0.19601167315175097 0.026750972762645913 0.02821011673151751
1 0.08706225680933852 0.19649805447470817 0.02188715953307393 0.03745136186770428
1 0.3978599221789883 0.19941634241245138 0.028696498054474707 0.04669260700389105
1 0.7091439688715954 0.19941634241245138 0.018968871595330738 0.032101167315175094
0 0.321011673151751 0.20136186770428016 0.00632295719844358 0.0048638132295719845
0 0.32830739299610895 0.20233463035019456 0.00632295719844358 0.0038910505836575876
1 0.32538910505836577 0.20379377431906615 0.02091439688715953 0.03599221789883268
6 0.8550583657587548 0.20622568093385213 0.023346303501945526 0.018968871595330738
1 0.8550583657587548 0.2193579766536965 0.02188715953307393 0.03501945525291829
1 0.245136186770428 0.23103112840466927 0.02821011673151751 0.04377431906614786
1 0.5077821011673151 0.23200389105058367 0.02188715953307393 0.04377431906614786
6 0.2135214007782101 0.23297665369649806 0.027237354085603113 0.022859922178988325
1 0.77431906614786 0.23589494163424124 0.02480544747081712 0.04134241245136187
1 0.3453307392996109 0.23686770428015563 0.023346303501945526 0.04231517509727627
4 0.3467898832684825 0.23881322957198445 0.00632295719844358 0.010700389105058366
1 0.2135214007782101 0.24367704280155641 0.025778210116731516 0.046206225680933855
1 0.9571984435797666 0.02480544747081712 0.023346303501945526 0.03988326848249027
3 0.3477626459143969 0.24708171206225682 0.007782101167315175 0.005350194552529183
4 0.20865758754863814 0.2495136186770428 0.005350194552529183 0.00924124513618677
1 0.3025291828793774 0.26507782101167315 0.02480544747081712 0.04231517509727627
1 0.5447470817120622 0.027237354085603113 0.018968871595330738 0.03356031128404669
4 0.29863813229571984 0.26848249027237353 0.0048638132295719845 0.00924124513618677
1 0.9066147859922179 0.2709143968871595 0.018968871595330738 0.029669260700389104
1 0.2227626459143969 0.27480544747081714 0.028696498054474707 0.04912451361867704
3 0.3005836575875486 0.27675097276264593 0.007782101167315175 0.0048638132295719845
1 0.8501945525291829 0.2791828793774319 0.023346303501945526 0.03988326848249027
1 0.14007782101167315 0.2845330739299611 0.027237354085603113 0.048638132295719845
4 0.14105058365758755 0.2850194552529183 0.00632295719844358 0.011673151750972763
1 0.26507782101167315 0.28647859922178986 0.024319066147859923 0.042801556420233464
4 0.26848249027237353 0.28745136186770426 0.005350194552529183 0.00924124513618677
1 0.36770428015564205 0.2898832684824903 0.027237354085603113 0.045233463035019454
1 0.6342412451361867 0.2923151750972763 0.022859922178988325 0.04231517509727627
1 0.5607976653696498 0.29377431906614787 0.026750972762645913 0.04231517509727627
3 0.26799610894941633 0.29620622568093385 0.007782101167315175 0.0048638132295719845
0 0.8229571984435797 0.29717898832684825 0.0048638132295719845 0.0038910505836575876
0 0.8156614785992218 0.29863813229571984 0.00632295719844358 0.0048638132295719845
1 0.8166342412451362 0.3044747081712062 0.023346303501945526 0.03745136186770428
1 0.921692607003891 0.3146887159533074 0.02480544747081712 0.048638132295719845
0 0.8730544747081712 0.3146887159533074 0.005350194552529183 0.0038910505836575876
0 0.8638132295719845 0.3151750972762646 0.0048638132295719845 0.00632295719844358
1 0.8740272373540856 0.316147859922179 0.02821011673151751 0.047665369649805445
1 0.4571984435797665 0.32003891050583655 0.02821011673151751 0.05252918287937743
4 0.955739299610895 0.033073929961089495 0.0048638132295719845 0.006809338521400778
1 0.5544747081712063 0.3443579766536965 0.02480544747081712 0.04377431906614786
0 0.4810311284046693 0.35651750972762647 0.00632295719844358 0.0038910505836575876
0 0.490272373540856 0.35700389105058367 0.00632295719844358 0.0038910505836575876
1 0.48492217898832685 0.35992217898832685 0.025778210116731516 0.04134241245136187
1 0.42363813229571984 0.36235408560311283 0.026750972762645913 0.048638132295719845
1 0.3438715953307393 0.36284046692607 0.025778210116731516 0.042801556420233464
1 0.13278210116731518 0.365272373540856 0.029669260700389104 0.04912451361867704
0 0.8876459143968871 0.3662451361867704 0.005350194552529183 0.0038910505836575876
0 0.877431906614786 0.36819066147859925 0.0048638132295719845 0.0038910505836575876
0 0.5423151750972762 0.37013618677042803 0.005350194552529183 0.0048638132295719845
0 0.5325875486381323 0.37013618677042803 0.005350194552529183 0.0038910505836575876
1 0.8808365758754864 0.37013618677042803 0.025778210116731516 0.04912451361867704
1 0.16974708171206226 0.3715953307392996 0.032101167315175094 0.05544747081712062
1 0.5374513618677043 0.3715953307392996 0.029669260700389104 0.047665369649805445
1 0.6682879377431906 0.38035019455252916 0.02480544747081712 0.042801556420233464
1 0.6026264591439688 0.38278210116731515 0.025778210116731516 0.05544747081712062
0 0.7251945525291829 0.3964007782101167 0.0048638132295719845 0.005350194552529183
0 0.7344357976653697 0.3973735408560311 0.0038910505836575876 0.0038910505836575876
1 0.2616731517509728 0.3973735408560311 0.02821011673151751 0.046206225680933855
1 0.7310311284046692 0.39980544747081714 0.02480544747081712 0.045233463035019454
1 0.8681906614785992 0.04085603112840467 0.018968871595330738 0.03453307392996109
6 0.9100194552529183 0.41147859922178986 0.0306420233463035 0.0306420233463035
1 0.6950389105058365 0.41974708171206226 0.024319066147859923 0.04669260700389105
0 0.7013618677042801 0.41974708171206226 0.007782101167315175 0.0038910505836575876
0 0.6906614785992218 0.42071984435797666 0.00632295719844358 0.005350194552529183
1 0.9109922178988327 0.42509727626459143 0.03599221789883268 0.0646887159533074
1 0.43093385214007784 0.4255836575875486 0.02480544747081712 0.048638132295719845
1 0.49367704280155644 0.44309338521400776 0.04669260700389105 0.07490272373540856
1 0.3633268482490272 0.4479571984435798 0.04669260700389105 0.07101167315175097
4 0.2791828793774319 0.4494163424124514 0.00632295719844358 0.010214007782101167
6 0.8978599221789884 0.45184824902723736 0.0306420233463035 0.045233463035019454
1 0.7178988326848249 0.45476653696498054 0.02821011673151751 0.05155642023346303
3 0.2801556420233463 0.4571984435797665 0.005350194552529183 0.007782101167315175
1 0.8978599221789884 0.4586575875486381 0.028696498054474707 0.058365758754863814
1 0.07198443579766536 0.4591439688715953 0.02821011673151751 0.048638132295719845
1 0.9265564202334631 0.04669260700389105 0.026750972762645913 0.03988326848249027
1 0.12889105058365757 0.47324902723735407 0.028696498054474707 0.04474708171206226
1 0.014591439688715954 0.4771400778210117 0.026750972762645913 0.04912451361867704
1 0.9922178988326849 0.48492217898832685 0.014105058365758755 0.05058365758754864
1 0.5963035019455253 0.5087548638132295 0.0325875486381323 0.060797665369649805
1 0.41877431906614787 0.05155642023346303 0.02480544747081712 0.03988326848249027
0 0.9503891050583657 0.5257782101167315 0.007782101167315175 0.005350194552529183
0 0.938715953307393 0.5262645914396887 0.007782101167315175 0.005350194552529183
1 0.7222762645914397 0.5296692607003891 0.0306420233463035 0.05301556420233463
1 0.943579766536965 0.5311284046692607 0.02821011673151751 0.04912451361867704
1 0.45428015564202334 0.5379377431906615 0.032101167315175094 0.05933852140077821
1 0.3526264591439689 0.05496108949416342 0.020428015564202335 0.03453307392996109
1 0.6984435797665369 0.5496108949416343 0.0325875486381323 0.058365758754863814
0 0.2932879377431907 0.5510700389105059 0.007782101167315175 0.0048638132295719845
0 0.2825875486381323 0.5549610894941635 0.00632295719844358 0.005350194552529183
1 0.2908560311284047 0.558852140077821 0.028696498054474707 0.05398832684824903
0 0.12013618677042802 0.5627431906614786 0.00632295719844358 0.005350194552529183
0 0.10943579766536965 0.5632295719844358 0.007782101167315175 0.00632295719844358
1 0.11235408560311284 0.5666342412451362 0.02821011673151751 0.046206225680933855
4 0.11527237354085604 0.568579766536965 0.00632295719844358 0.010700389105058366
0 0.46108949416342415 0.5792801556420234 0.0048638132295719845 0.005350194552529183
0 0.4713035019455253 0.5792801556420234 0.007782101167315175 0.00632295719844358
1 0.4727626459143969 0.580739299610895 0.03356031128404669 0.060797665369649805
1 0.5719844357976653 0.058365758754863814 0.020428015564202335 0.03501945525291829
0 0.9401750972762646 0.5948443579766537 0.008754863813229572 0.00632295719844358
0 0.9528210116731517 0.5953307392996109 0.00632295719844358 0.005350194552529183
1 0.941147859922179 0.5972762645914397 0.03745136186770428 0.061770428015564205
0 0.2534046692607004 0.60068093385214 0.00632295719844358 0.00632295719844358
1 0.26361867704280156 0.6026264591439688 0.03453307392996109 0.05933852140077821
0 0.26702334630350194 0.6040856031128404 0.00924124513618677 0.00632295719844358
0 0.38035019455252916 0.6133268482490273 0.00632295719844358 0.0048638132295719845
0 0.36867704280155644 0.6152723735408561 0.00632295719844358 0.0048638132295719845
1 0.3764591439688716 0.617704280155642 0.029669260700389104 0.05690661478599222
0 0.1522373540856031 0.6264591439688716 0.0048638132295719845 0.0048638132295719845
1 0.1619649805447471 0.6269455252918288 0.025778210116731516 0.048638132295719845
0 0.16001945525291827 0.627431906614786 0.007782101167315175 0.005350194552529183
4 0.1551556420233463 0.6327821011673151 0.005350194552529183 0.010214007782101167
1 0.39056420233463035 0.06371595330739299 0.02480544747081712 0.04231517509727627
1 0.47373540856031127 0.0646887159533074 0.022859922178988325 0.03501945525291829
1 0.8939688715953308 0.06614785992217899 0.028696498054474707 0.045233463035019454
1 0.6682879377431906 0.06857976653696499 0.018968871595330738 0.029669260700389104
1 0.38180933852140075 0.6916342412451362 0.032101167315175094 0.06031128404669261
1 0.07441634241245136 0.693579766536965 0.032101167315175094 0.05933852140077821
1 0.4080739299610895 0.7042801556420234 0.03356031128404669 0.05933852140077821
6 0.5087548638132295 0.07052529182879377 0.01799610894941634 0.018968871595330738
1 0.818579766536965 0.07101167315175097 0.019455252918287938 0.036478599221789886
1 0.5077821011673151 0.07149805447470817 0.022859922178988325 0.027237354085603113