1 0.5476653696498055 0.29766536964980544 0.10603112840466926 0.17655642023346305
1 0.6619649805447471 0.3219844357976654 0.10700389105058365 0.17412451361867703
4 0.6682879377431906 0.34922178988326846 0.025778210116731516 0.038910505836575876
0 0.05787937743190662 0.36284046692607 0.024319066147859923 0.019455252918287938
0 0.10603112840466926 0.3642996108949416 0.02188715953307393 0.017023346303501944
1 0.0943579766536965 0.3642996108949416 0.11186770428015565 0.22519455252918288
1 0.1882295719844358 0.3720817120622568 0.10068093385214008 0.20476653696498054
0 0.8482490272373541 0.37986381322957197 0.026750972762645913 0.01799610894941634
1 0.4810311284046693 0.37986381322957197 0.10797665369649806 0.20136186770428016
0 0.8964007782101168 0.3837548638132296 0.02480544747081712 0.016536964980544747
3 0.6639105058365758 0.38715953307393 0.03453307392996109 0.019455252918287938
1 0.8803501945525292 0.39153696498054474 0.11478599221789883 0.23929961089494164
3 0.188715953307393 0.44212062256809337 0.023346303501945526 0.017023346303501944
1 0.9776264591439688 0.4790856031128405 0.042801556420233464 0.19552529182879377
4 0.9917315175097277 0.5029182879377432 0.015077821011673152 0.048638132295719845
3 0.9892996108949417 0.546692607003891 0.020428015564202335 0.020428015564202335
1 0.29717898832684825 0.6624513618677043 0.11575875486381323 0.23686770428015563
4 0.28647859922178986 0.6940661478599222 0.028696498054474707 0.046206225680933855
3 0.28550583657587547 0.7344357976653697 0.045233463035019454 0.023346303501945526
1 0.7728599221789884 0.7636186770428015 0.14007782101167315 0.23929961089494164