0 0.2694552529182879 0.16488326848249027 0.01556420233463035 0.010700389105058366
0 0.29377431906614787 0.16974708171206226 0.016536964980544747 0.010700389105058366
1 0.2801556420233463 0.181420233463035 0.060797665369649805 0.11332684824902724
1 0.3983463035019455 0.193579766536965 0.036478599221789886 0.06566147859922179
0 0.5486381322957199 0.28550583657587547 0.013132295719844358 0.010214007782101167
0 0.5248054474708171 0.28599221789883267 0.014105058365758755 0.01264591439688716
1 0.5340466926070039 0.29669260700389105 0.06031128404669261 0.09922178988326848
1 0.9017509727626459 0.09046692607003891 0.05544747081712062 0.09046692607003891
0 0.7592412451361867 0.11624513618677043 0.015077821011673152 0.01264591439688716
1 0.1916342412451362 0.11964980544747082 0.05398832684824903 0.0943579766536965
0 0.7349221789883269 0.12062256809338522 0.015077821011673152 0.010700389105058366
1 0.7465953307392996 0.12305447470817121 0.06955252918287938 0.11964980544747082
0 0.4406614785992218 0.14591439688715954 0.01264591439688716 0.011673151750972763
0 0.46303501945525294 0.14980544747081712 0.01556420233463035 0.010700389105058366
1 0.46254863813229574 0.1551556420233463 0.05933852140077821 0.11186770428015565