0 0.5296692607003891 0.20865758754863814 0.036478599221789886 0.020428015564202335
0 0.5904669260700389 0.21546692607003892 0.03356031128404669 0.02480544747081712
0 0.896887159533074 0.23394941634241245 0.025778210116731516 0.020428015564202335
1 0.5578793774319066 0.23686770428015563 0.14785992217898833 0.27431906614785995
0 0.9440661478599222 0.24173151750972763 0.022859922178988325 0.019455252918287938
0 0.28647859922178986 0.25486381322957197 0.026750972762645913 0.017023346303501944
0 0.3331712062256809 0.26313229571984437 0.02480544747081712 0.016536964980544747
1 0.9323929961089494 0.26702334630350194 0.122568093385214 0.23443579766536965
0 0.14785992217898833 0.27529182879377434 0.025778210116731516 0.017023346303501944
0 0.20525291828793774 0.2801556420233463 0.02821011673151751 0.018968871595330738
1 0.29961089494163423 0.2825875486381323 0.11186770428015565 0.20525291828793774
1 0.16780155642023345 0.3020428015564202 0.13764591439688717 0.26410505836575876