0 0.24124513618677043 0.14785992217898833 0.005350194552529183 0.00632295719844358
1 0.6614785992217899 0.1512645914396887 0.04231517509727627 0.08414396887159534
4 0.2509727626459144 0.15369649805447472 0.006809338521400778 0.013132295719844358
1 0.2538910505836576 0.1546692607003891 0.038910505836575876 0.0622568093385214
0 0.6094357976653697 0.1580739299610895 0.010700389105058366 0.010214007782101167
0 0.5924124513618677 0.1614785992217899 0.014105058365758755 0.010214007782101167
1 0.05690661478599222 0.16245136186770429 0.03501945525291829 0.05787937743190662
4 0.6483463035019456 0.16342412451361868 0.007782101167315175 0.013132295719844358
4 0.052042801556420236 0.16634241245136186 0.006809338521400778 0.013132295719844358
3 0.2538910505836576 0.16828793774319067 0.017023346303501944 0.006809338521400778
1 0.5919260700389105 0.17169260700389105 0.04912451361867704 0.09046692607003891
4 0.6035992217898832 0.17217898832684825 0.00924124513618677 0.01799610894941634
3 0.6507782101167315 0.17801556420233464 0.010700389105058366 0.008754863813229572
1 0.35068093385214005 0.18531128404669261 0.04912451361867704 0.08268482490272373
4 0.3540856031128405 0.1921206225680934 0.010214007782101167 0.017023346303501944
3 0.6035992217898832 0.1930933852140078 0.01556420233463035 0.010214007782101167
0 0.4995136186770428 0.20914396887159534 0.010700389105058366 0.00924124513618677
3 0.3555447470817121 0.21060311284046693 0.016536964980544747 0.006809338521400778
1 0.49513618677042803 0.22616731517509728 0.05690661478599222 0.11429961089494163
1 0.17315175097276264 0.23784046692607003 0.04474708171206226 0.09533073929961089
1 0.08073929961089495 0.24124513618677043 0.03453307392996109 0.07052529182879377
0 0.8414396887159533 0.11819066147859922 0.010700389105058366 0.010700389105058366
0 0.8239299610894941 0.12305447470817121 0.01556420233463035 0.010700389105058366
1 0.8176070038910506 0.13132295719844359 0.0632295719844358 0.125
0 0.25680933852140075 0.14348249027237353 0.007782101167315175 0.006809338521400778