1 0.6215953307392996 0.3730544747081712 0.038910505836575876 0.0646887159533074
1 0.49464980544747084 0.4022373540856031 0.03599221789883268 0.07636186770428016
4 0.5077821011673151 0.4022373540856031 0.007782101167315175 0.014105058365758755
1 0.8652723735408561 0.41342412451361865 0.032101167315175094 0.058365758754863814
1 0.11235408560311284 0.4173151750972763 0.05058365758754864 0.11332684824902724
3 0.5068093385214008 0.41974708171206226 0.00924124513618677 0.010700389105058366
1 0.1916342412451362 0.44357976653696496 0.025778210116731516 0.060797665369649805
0 0.27529182879377434 0.4474708171206226 0.007782101167315175 0.006809338521400778
1 0.7806420233463035 0.45136186770428016 0.03599221789883268 0.07490272373540856
1 0.2728599221789883 0.46449416342412453 0.0306420233463035 0.07101167315175097
0 0.6308365758754864 0.5087548638132295 0.011673151750972763 0.008754863813229572
0 0.605544747081712 0.5131322957198443 0.01264591439688716 0.008754863813229572
1 0.6181906614785992 0.5150778210116731 0.061770428015564205 0.10943579766536965
1 0.45525291828793774 0.558852140077821 0.0632295719844358 0.11429961089494163
0 0.8073929961089494 0.5598249027237354 0.005350194552529183 0.006809338521400778
0 0.8234435797665369 0.5651750972762646 0.015077821011673152 0.010214007782101167
1 0.8351167315175098 0.5705252918287937 0.06663424124513619 0.12013618677042802
4 0.8098249027237354 0.5749027237354085 0.010700389105058366 0.026750972762645913
3 0.8117704280155642 0.60068093385214 0.014105058365758755 0.01799610894941634