1 0.6575875486381323 0.2198443579766537 0.060797665369649805 0.14056420233463035
0 0.5321011673151751 0.2232490272373541 0.016536964980544747 0.014105058365758755
0 0.5549610894941635 0.22616731517509728 0.015077821011673152 0.01264591439688716
1 0.5447470817120622 0.23297665369649806 0.05690661478599222 0.11721789883268482
1 0.4022373540856031 0.029182879377431907 0.025778210116731516 0.04912451361867704
0 0.4090466926070039 0.27675097276264593 0.01556420233463035 0.013132295719844358
0 0.43336575875486383 0.2825875486381323 0.015077821011673152 0.016536964980544747
1 0.42023346303501946 0.29766536964980544 0.0632295719844358 0.13278210116731518
1 0.8501945525291829 0.0325875486381323 0.0306420233463035 0.060797665369649805
1 0.7884241245136187 0.03599221789883268 0.02821011673151751 0.06566147859922179
1 0.5719844357976653 0.39883268482490275 0.06566147859922179 0.15856031128404668
0 0.32538910505836577 0.490272373540856 0.017023346303501944 0.019455252918287938
1 0.3443579766536965 0.4907587548638132 0.0646887159533074 0.16342412451361868
0 0.3550583657587549 0.4990272373540856 0.01799610894941634 0.015077821011673152
1 0.4571984435797665 0.05301556420233463 0.027237354085603113 0.05058365758754864
1 0.16391050583657588 0.5963035019455253 0.07733463035019456 0.193579766536965
1 0.5603112840466926 0.06760700389105058 0.03745136186770428 0.08025291828793775
1 0.26215953307393 0.07830739299610895 0.05398832684824903 0.13278210116731518
4 0.7509727626459144 0.1259727626459144 0.006809338521400778 0.01556420233463035
1 0.7509727626459144 0.1264591439688716 0.0311284046692607 0.0646887159533074
1 0.23686770428015563 0.12889105058365757 0.04231517509727627 0.10068093385214008
1 0.8156614785992218 0.14445525291828792 0.03842412451361868 0.09046692607003891