0 0.6575875486381323 0.20865758754863814 0.010214007782101167 0.008754863813229572
0 0.6459143968871596 0.21157587548638132 0.00924124513618677 0.010214007782101167
0 0.7067120622568094 0.2144941634241245 0.00924124513618677 0.007782101167315175
1 0.6600194552529183 0.2198443579766537 0.042801556420233464 0.0914396887159533
1 0.7096303501945526 0.22519455252918288 0.03842412451361868 0.08122568093385214
0 0.8249027237354085 0.22762645914396887 0.010214007782101167 0.007782101167315175
0 0.8083657587548638 0.23005836575875485 0.011673151750972763 0.00924124513618677
1 0.8180933852140078 0.23686770428015563 0.04134241245136187 0.08268482490272373
1 0.02480544747081712 0.2480544747081712 0.032101167315175094 0.07830739299610895
1 0.892023346303502 0.26410505836575876 0.036478599221789886 0.07879377431906615
1 0.9309338521400778 0.26410505836575876 0.032101167315175094 0.06809338521400778
1 0.7738326848249028 0.29474708171206226 0.024319066147859923 0.05252918287937743
1 0.3769455252918288 0.31663424124513617 0.0325875486381323 0.07441634241245136
1 0.26702334630350194 0.32003891050583655 0.03599221789883268 0.07636186770428016
0 0.1220817120622568 0.07344357976653697 0.014105058365758755 0.01264591439688716
0 0.14980544747081712 0.07490272373540856 0.01556420233463035 0.013132295719844358
1 0.13472762645914396 0.0928988326848249 0.05933852140077821 0.13375486381322957
1 0.41391050583657585 0.13910505836575876 0.04377431906614786 0.122568093385214
1 0.5228599221789884 0.1580739299610895 0.038910505836575876 0.10554474708171206