0 0.6726653696498055 0.26848249027237353 0.014105058365758755 0.010214007782101167
0 0.6527237354085603 0.2704280155642023 0.011673151750972763 0.010214007782101167
1 0.6682879377431906 0.2825875486381323 0.05155642023346303 0.09922178988326848
0 0.4790856031128405 0.2908560311284047 0.006809338521400778 0.008754863813229572
0 0.49221789883268485 0.2923151750972763 0.010700389105058366 0.010214007782101167
1 0.5014591439688716 0.29863813229571984 0.058365758754863814 0.09776264591439689
4 0.48200389105058367 0.3044747081712062 0.011673151750972763 0.024319066147859923
3 0.48297665369649806 0.32830739299610895 0.013132295719844358 0.014105058365758755
4 0.8978599221789884 0.33657587548638135 0.010214007782101167 0.02188715953307393
1 0.9153696498054474 0.33657587548638135 0.05058365758754864 0.09241245136186771
3 0.8973735408560312 0.35749027237354086 0.010700389105058366 0.011673151750972763
0 0.8000972762645915 0.3662451361867704 0.010700389105058366 0.01264591439688716
1 0.7869649805447471 0.3764591439688716 0.047665369649805445 0.0914396887159533
4 0.8054474708171206 0.377431906614786 0.00924124513618677 0.019455252918287938
1 0.17850194552529183 0.39153696498054474 0.03988326848249027 0.08852140077821012
3 0.8025291828793775 0.3978599221789883 0.010700389105058366 0.011673151750972763