1 0.31809338521400776 0.2796692607003891 0.08754863813229571 0.22568093385214008
0 0.8098249027237354 0.41342412451361865 0.02091439688715953 0.020428015564202335
0 0.7786964980544747 0.41926070038910507 0.022859922178988325 0.019455252918287938
1 0.7845330739299611 0.4270428015564202 0.08268482490272373 0.23832684824902725
0 0.18433852140077822 0.4396887159533074 0.025778210116731516 0.026750972762645913
1 0.17607003891050585 0.46206225680933855 0.0967898832684825 0.23200389105058367
4 0.16585603112840466 0.4800583657587549 0.02480544747081712 0.05642023346303502
3 0.17315175097276264 0.5345330739299611 0.032101167315175094 0.03356031128404669
0 0.6707198443579766 0.17947470817120623 0.02188715953307393 0.02188715953307393
0 0.6332684824902723 0.18531128404669261 0.026750972762645913 0.02188715953307393
1 0.6464007782101168 0.20914396887159534 0.08608949416342412 0.19844357976653695