0 0.14737354085603113 0.1517509727626459 0.014105058365758755 0.008754863813229572
0 0.12305447470817121 0.15369649805447472 0.013132295719844358 0.008754863813229572
1 0.13861867704280156 0.15904669260700388 0.054474708171206226 0.0943579766536965
0 0.10457198443579767 0.23005836575875485 0.010214007782101167 0.006809338521400778
0 0.08511673151750973 0.23103112840466927 0.011673151750972763 0.007782101167315175
1 0.09484435797665369 0.23200389105058367 0.04377431906614786 0.07441634241245136
6 0.7806420233463035 0.6901750972762646 0.07247081712062257 0.046206225680933855
0 0.7962062256809338 0.7144941634241245 0.013132295719844358 0.007782101167315175
0 0.7728599221789884 0.7154669260700389 0.014105058365758755 0.008754863813229572
1 0.7850194552529183 0.7178988326848249 0.05398832684824903 0.09533073929961089
0 0.13618677042801555 0.7529182879377432 0.0306420233463035 0.02188715953307393
0 0.07247081712062257 0.7602140077821011 0.038910505836575876 0.022859922178988325
1 0.08998054474708171 0.7641050583657587 0.14980544747081712 0.19601167315175097
6 0.8857003891050583 0.8127431906614786 0.0967898832684825 0.09241245136186771
0 0.2456225680933852 0.8205252918287937 0.03599221789883268 0.02091439688715953
0 0.3122568093385214 0.8224708171206225 0.03501945525291829 0.02091439688715953
1 0.2728599221789883 0.8326848249027238 0.12013618677042802 0.20136186770428016
0 0.8205252918287937 0.8419260700389105 0.01264591439688716 0.008754863813229572
0 0.8988326848249028 0.8424124513618677 0.017023346303501944 0.010214007782101167
0 0.8025291828793775 0.8448443579766537 0.011673151750972763 0.008754863813229572
0 0.8681906614785992 0.8453307392996109 0.016536964980544747 0.00924124513618677
1 0.8156614785992218 0.8492217898832685 0.04231517509727627 0.07198443579766536
1 0.8852140077821011 0.8545719844357976 0.06566147859922179 0.11186770428015565