1 0.5763618677042801 0.23686770428015563 0.04912451361867704 0.0963035019455253
1 0.4494163424124514 0.2519455252918288 0.028696498054474707 0.04669260700389105
4 0.4581712062256809 0.2519455252918288 0.0048638132295719845 0.006809338521400778
1 0.6697470817120622 0.25680933852140075 0.05398832684824903 0.10019455252918288
0 0.6673151750972762 0.259727626459144 0.013132295719844358 0.008754863813229572
5 0.4581712062256809 0.2607003891050584 0.0038910505836575876 0.0024319066147859923
3 0.4581712062256809 0.2611867704280156 0.005350194552529183 0.00632295719844358
0 0.6853112840466926 0.2616731517509728 0.011673151750972763 0.00924124513618677
1 0.3341439688715953 0.2694552529182879 0.05252918287937743 0.09776264591439689
1 0.2529182879377432 0.2840466926070039 0.036478599221789886 0.06663424124513619
4 0.2607003891050584 0.2898832684824903 0.00632295719844358 0.010214007782101167
0 0.7178988326848249 0.2928015564202335 0.014105058365758755 0.01264591439688716
3 0.2587548638132296 0.29912451361867703 0.008754863813229572 0.006809338521400778
1 0.732976653696498 0.3005836575875486 0.05544747081712062 0.10603112840466926
4 0.7237354085603113 0.30787937743190663 0.010700389105058366 0.016536964980544747
3 0.7213035019455253 0.32636186770428016 0.013132295719844358 0.011673151750972763
0 0.43142023346303504 0.44309338521400776 0.011673151750972763 0.007782101167315175
0 0.448443579766537 0.44406614785992216 0.010700389105058366 0.010700389105058366
1 0.4382295719844358 0.448443579766537 0.04377431906614786 0.08122568093385214
0 0.8808365758754864 0.10214007782101167 0.02091439688715953 0.016536964980544747
0 0.8424124513618677 0.10311284046692606 0.018968871595330738 0.014105058365758755
1 0.8681906614785992 0.11770428015564202 0.08900778210116732 0.17752918287937744