1 0.25680933852140075 0.16488326848249027 0.07198443579766536 0.14056420233463035
1 0.1303501945525292 0.16536964980544747 0.04474708171206226 0.07976653696498054
0 0.9080739299610895 0.17120622568093385 0.008754863813229572 0.00632295719844358
0 0.8915369649805448 0.17217898832684825 0.010700389105058366 0.007782101167315175
1 0.8978599221789884 0.17947470817120623 0.04134241245136187 0.07733463035019456
1 0.5909533073929961 0.19406614785992218 0.022859922178988325 0.045233463035019454
4 0.5933852140077821 0.19552529182879377 0.005350194552529183 0.00924124513618677
3 0.5924124513618677 0.20476653696498054 0.008754863813229572 0.005350194552529183
1 0.6955252918287937 0.21157587548638132 0.022859922178988325 0.046206225680933855
4 0.6955252918287937 0.2169260700389105 0.005350194552529183 0.010214007782101167
3 0.6950389105058365 0.22616731517509728 0.008754863813229572 0.0048638132295719845
1 0.8030155642023347 0.14834630350194553 0.03745136186770428 0.08219844357976654