1 0.8146887159533074 0.17023346303501946 0.09533073929961089 0.20719844357976655
0 0.585603112840467 0.22811284046692606 0.0311284046692607 0.02188715953307393
1 0.4795719844357977 0.22908560311284046 0.08754863813229571 0.20865758754863814
0 0.5447470817120622 0.23200389105058367 0.02188715953307393 0.02091439688715953
1 0.5860894941634242 0.24075875486381323 0.10603112840466926 0.20768482490272375
1 0.1546692607003891 0.26605058365758755 0.11964980544747082 0.22178988326848248
0 0.30496108949416345 0.3409533073929961 0.023346303501945526 0.02188715953307393
1 0.27675097276264593 0.3428988326848249 0.11429961089494163 0.23200389105058367
0 0.5029182879377432 0.5116731517509727 0.023346303501945526 0.02091439688715953
0 0.5428015564202334 0.5126459143968871 0.0311284046692607 0.020428015564202335
1 0.5481517509727627 0.5233463035019456 0.11964980544747082 0.23492217898832685
1 0.6381322957198443 0.09824902723735408 0.07976653696498054 0.16877431906614787