1 0.15369649805447472 0.38959143968871596 0.11332684824902724 0.2616731517509728
0 0.33852140077821014 0.39202334630350194 0.04085603112840467 0.027237354085603113
0 0.40029182879377434 0.39883268482490275 0.0306420233463035 0.023346303501945526
1 0.3453307392996109 0.4255836575875486 0.1575875486381323 0.29863813229571984
0 0.607976653696498 0.5160505836575876 0.05009727626459144 0.03842412451361868
0 0.5155642023346303 0.5286964980544747 0.05058365758754864 0.0306420233463035
1 0.5622568093385214 0.5306420233463035 0.2174124513618677 0.4071011673151751
0 0.9139105058365758 0.5598249027237354 0.036478599221789886 0.028696498054474707
1 0.8866731517509727 0.5817120622568094 0.16731517509727625 0.301556420233463
0 0.8501945525291829 0.5948443579766537 0.03501945525291829 0.032101167315175094
0 0.14980544747081712 0.6605058365758755 0.038910505836575876 0.03988326848249027
0 0.06566147859922179 0.6673151750972762 0.05301556420233463 0.03453307392996109
1 0.10019455252918288 0.703307392996109 0.17120622568093385 0.448443579766537
0 0.6566147859922179 0.11527237354085604 0.028696498054474707 0.02188715953307393
0 0.7023346303501945 0.11770428015564202 0.026750972762645913 0.02188715953307393
1 0.6921206225680934 0.13424124513618677 0.12110894941634241 0.22519455252918288
1 0.916828793774319 0.14153696498054474 0.13375486381322957 0.27675097276264593
0 0.20184824902723736 0.21206225680933852 0.03501945525291829 0.0311284046692607
0 0.2490272373540856 0.2237354085603113 0.028696498054474707 0.02480544747081712
1 0.20525291828793774 0.24367704280155641 0.1264591439688716 0.2728599221789883
0 0.16391050583657588 0.35700389105058367 0.03501945525291829 0.027237354085603113