1 0.2607003891050584 0.3404669260700389 0.02188715953307393 0.05155642023346303
1 0.010214007782101167 0.35749027237354086 0.020428015564202335 0.045233463035019454
1 0.3229571984435798 0.35797665369649806 0.018968871595330738 0.03745136186770428
6 0.44260700389105057 0.3638132295719844 0.018968871595330738 0.02188715953307393
1 0.11624513618677043 0.375 0.02091439688715953 0.047665369649805445
1 0.44357976653696496 0.377431906614786 0.017023346303501944 0.038910505836575876
1 0.6381322957198443 0.4051556420233463 0.029669260700389104 0.06663424124513619
1 0.3973735408560311 0.4255836575875486 0.05933852140077821 0.14445525291828792
1 0.20428015564202334 0.426556420233463 0.060797665369649805 0.1264591439688716
0 0.4143968871595331 0.426556420233463 0.01556420233463035 0.01264591439688716
0 0.38910505836575876 0.4275291828793774 0.01556420233463035 0.013132295719844358
0 0.023346303501945526 0.436284046692607 0.00924124513618677 0.007782101167315175
0 0.03842412451361868 0.4367704280155642 0.00924124513618677 0.007782101167315175
1 0.038910505836575876 0.44357976653696496 0.04474708171206226 0.08998054474708171
0 0.5963035019455253 0.4567120622568093 0.00924124513618677 0.008754863813229572
1 0.5875486381322957 0.46352140077821014 0.03988326848249027 0.0914396887159533
1 0.32782101167315175 0.4703307392996109 0.048638132295719845 0.08608949416342412
1 0.6853112840466926 0.48735408560311283 0.04134241245136187 0.10797665369649806
1 0.08706225680933852 0.5403696498054474 0.048638132295719845 0.09824902723735408
0 0.8210116731517509 0.5544747081712063 0.032101167315175094 0.022859922178988325
0 0.8929961089494164 0.5841439688715954 0.03599221789883268 0.03356031128404669
1 0.8540856031128404 0.6060311284046692 0.17023346303501946 0.372568093385214
1 0.46303501945525294 0.6084630350194552 0.07587548638132295 0.16001945525291827
1 0.938715953307393 0.7008754863813229 0.07052529182879377 0.22130350194552528
0 0.9537937743190662 0.703307392996109 0.017023346303501944 0.013132295719844358