0 0.39931906614785995 0.3837548638132296 0.14542801556420235 0.08122568093385214
0 0.14299610894941633 0.4576848249027237 0.14396887159533073 0.08511673151750973
0 0.6736381322957199 0.47373540856031127 0.10116731517509728 0.04717898832684825
1 0.26799610894941633 0.49513618677042803 0.5359922178988327 0.9902723735408561
0 0.8258754863813229 0.49562256809338523 0.08560311284046693 0.05787937743190662
1 0.7441634241245136 0.5058365758754864 0.30787937743190663 0.6011673151750972
4 0.30496108949416345 0.5598249027237354 0.1546692607003891 0.24027237354085604
4 0.747568093385214 0.5729571984435797 0.10068093385214008 0.10505836575875487
5 0.7300583657587548 0.6785019455252919 0.11040856031128404 0.03696498054474708
3 0.7324902723735408 0.6843385214007782 0.1546692607003891 0.07879377431906615
5 0.33803501945525294 0.7300583657587548 0.17461089494163423 0.08706225680933852
3 0.34970817120622566 0.7456225680933852 0.2203307392996109 0.1609922178988327