0 0.7641050583657587 0.26459143968871596 0.06031128404669261 0.042801556420233464
4 0.6950389105058365 0.2821011673151751 0.04717898832684825 0.08073929961089495
0 0.23929961089494164 0.35700389105058367 0.05058365758754864 0.04815175097276265
0 0.43190661478599224 0.38083657587548636 0.0928988326848249 0.04377431906614786
0 0.583171206225681 0.3861867704280156 0.08171206225680934 0.04134241245136187
0 0.14202334630350194 0.4061284046692607 0.0646887159533074 0.05058365758754864
1 0.1502918287937743 0.4255836575875486 0.2694552529182879 0.377431906614786
4 0.23589494163424124 0.4280155642023346 0.08414396887159534 0.09922178988326848
1 0.5058365758754864 0.433852140077821 0.3414396887159533 0.46400778210116733
0 0.7840466926070039 0.433852140077821 0.052042801556420236 0.03745136186770428
4 0.5107003891050583 0.4464980544747082 0.10068093385214008 0.08852140077821012
0 0.8988326848249028 0.4698443579766537 0.07538910505836575 0.04669260700389105
4 0.791828793774319 0.5063229571984436 0.0967898832684825 0.09922178988326848
3 0.2534046692607004 0.5082684824902723 0.07247081712062257 0.06809338521400778
1 0.857976653696498 0.5350194552529183 0.2811284046692607 0.37013618677042803
5 0.5019455252918288 0.5384241245136187 0.13959143968871596 0.04328793774319066
3 0.5063229571984436 0.5437743190661478 0.181420233463035 0.07830739299610895
3 0.7850194552529183 0.6040856031128404 0.11186770428015565 0.057392996108949414
4 0.9440661478599222 0.14348249027237353 0.055933852140077824 0.07052529182879377