0 0.5486381322957199 0.3784046692607004 0.07684824902723736 0.04036964980544747
0 0.40077821011673154 0.3857003891050584 0.07441634241245136 0.04182879377431906
1 0.5 0.42266536964980544 0.3414396887159533 0.5097276264591439
4 0.4717898832684825 0.4464980544747082 0.10116731517509728 0.10603112840466926
0 0.25729571984435795 0.4654669260700389 0.09192607003891051 0.046206225680933855
0 0.10700389105058365 0.4708171206225681 0.09241245136186771 0.047665369649805445
1 0.16342412451361868 0.507295719844358 0.3146887159533074 0.45428015564202334
4 0.1877431906614786 0.5301556420233463 0.08317120622568093 0.09484435797665369
5 0.48443579766536965 0.5432879377431906 0.1254863813229572 0.042801556420233464
3 0.48297665369649806 0.544260700389105 0.16731517509727625 0.06566147859922179
5 0.17412451361867703 0.625 0.122568093385214 0.052042801556420236
3 0.17509727626459143 0.6279182879377432 0.16536964980544747 0.07587548638132295