1 0.16488326848249027 0.25729571984435795 0.32928015564202334 0.5145914396887159
4 0.20914396887159534 0.25729571984435795 0.0914396887159533 0.0928988326848249
6 0.5535019455252919 0.2699416342412451 0.4357976653696498 0.24221789883268482
5 0.20087548638132297 0.35846303501945526 0.06371595330739299 0.014591439688715954
3 0.193579766536965 0.365272373540856 0.13959143968871596 0.04474708171206226
0 0.4392023346303502 0.41245136186770426 0.06955252918287938 0.033073929961089495
0 0.5826848249027238 0.41342412451361865 0.07295719844357977 0.03501945525291829
1 0.507295719844358 0.46254863813229574 0.3555447470817121 0.4280155642023346
4 0.5092412451361867 0.46400778210116733 0.09484435797665369 0.07976653696498054
5 0.5092412451361867 0.556420233463035 0.11721789883268482 0.022859922178988325
3 0.5082684824902723 0.5583657587548638 0.14396887159533073 0.04377431906614786
0 0.26507782101167315 0.186284046692607 0.0632295719844358 0.036478599221789886
0 0.11770428015564202 0.186284046692607 0.07538910505836575 0.03599221789883268