1 0.9246108949416343 0.4022373540856031 0.14883268482490272 0.2480544747081712
1 0.8025291828793775 0.4085603112840467 0.08608949416342412 0.10894941634241245
4 0.8078793774319066 0.41293774319066145 0.024319066147859923 0.024319066147859923
4 0.9742217898832685 0.4158560311284047 0.04961089494163424 0.057392996108949414
3 0.8039883268482491 0.4372568093385214 0.04231517509727627 0.017023346303501944
5 0.8039883268482491 0.4377431906614786 0.025778210116731516 0.00924124513618677
1 0.4036964980544747 0.441147859922179 0.40126459143968873 0.41342412451361865
4 0.4766536964980545 0.4659533073929961 0.10894941634241245 0.10068093385214008
5 0.9771400778210116 0.47373540856031127 0.04085603112840467 0.015077821011673152
3 0.9688715953307393 0.47616731517509725 0.05787937743190662 0.04328793774319066
5 0.44990272373540857 0.5573929961089494 0.10651750972762646 0.022859922178988325
3 0.4494163424124514 0.5651750972762646 0.13618677042801555 0.055933852140077824