1 0.933852140077821 0.2777237354085603 0.12743190661478598 0.4688715953307393
5 0.97568093385214 0.3857003891050584 0.04669260700389105 0.030155642023346304
0 0.4713035019455253 0.39202334630350194 0.10116731517509728 0.06031128404669261
3 0.9703307392996109 0.3968871595330739 0.057392996108949414 0.07392996108949416
0 0.6128404669260701 0.4036964980544747 0.08657587548638132 0.05301556420233463
1 0.49513618677042803 0.428988326848249 0.3414396887159533 0.4688715953307393
4 0.5486381322957199 0.46157587548638135 0.07782101167315175 0.09484435797665369
5 0.5296692607003891 0.5530155642023347 0.0967898832684825 0.0306420233463035
3 0.5272373540856031 0.5569066147859922 0.13180933852140078 0.06906614785992218
3 0.14299610894941633 0.07295719844357977 0.14542801556420235 0.07003891050583658
5 0.13910505836575876 0.07636186770428016 0.1259727626459144 0.04328793774319066
0 0.9518482490272373 0.22616731517509728 0.0914396887159533 0.07928015564202334