4 0.33073929961089493 0.308852140077821 0.10992217898832685 0.11867704280155641
5 0.2519455252918288 0.39153696498054474 0.07052529182879377 0.023832684824902722
3 0.2529182879377432 0.3964007782101167 0.122568093385214 0.0627431906614786
0 0.4688715953307393 0.4182879377431907 0.08900778210116732 0.05544747081712062
0 0.6152723735408561 0.4182879377431907 0.08657587548638132 0.05787937743190662
1 0.497568093385214 0.44212062256809337 0.3463035019455253 0.38229571984435795
4 0.5476653696498055 0.47519455252918286 0.08219844357976654 0.06371595330739299
5 0.5340466926070039 0.5457198443579766 0.05009727626459144 0.018968871595330738
3 0.5301556420233463 0.5491245136186771 0.11721789883268482 0.04669260700389105
5 0.669260700389105 0.6021400778210116 0.04815175097276265 0.046206225680933855
3 0.6624513618677043 0.6040856031128404 0.07441634241245136 0.08268482490272373