0 0.578307392996109 0.2582684824902724 0.122568093385214 0.10554474708171206
0 0.36916342412451364 0.27383268482490275 0.13959143968871596 0.0963035019455253
1 0.44212062256809337 0.321011673151751 0.4158560311284047 0.5262645914396887
1 0.9460116731517509 0.3341439688715953 0.10554474708171206 0.3414396887159533
4 0.48735408560311283 0.36040856031128404 0.10165369649805447 0.11770428015564202
0 0.943579766536965 0.42169260700389105 0.07928015564202334 0.07441634241245136
3 0.4888132295719844 0.46157587548638135 0.10846303501945526 0.029669260700389104
3 0.4912451361867704 0.4654669260700389 0.16293774319066148 0.08025291828793775
4 0.8239299610894941 0.642023346303502 0.0943579766536965 0.10214007782101167
1 0.7704280155642024 0.6780155642023347 0.3555447470817121 0.42071984435797666
3 0.8151750972762646 0.7431906614785992 0.1561284046692607 0.05885214007782101