4 0.3477626459143969 0.2850194552529183 0.129863813229572 0.11332684824902724
1 0.31955252918287935 0.3103112840466926 0.490272373540856 0.504863813229572
3 0.32490272373540857 0.3852140077821012 0.22081712062256809 0.06906614785992218
5 0.32684824902723736 0.3861867704280156 0.17509727626459143 0.05398832684824903
1 0.6804474708171206 0.7898832684824902 0.5238326848249028 0.4182879377431907
4 0.6605058365758755 0.8005836575875487 0.11284046692607004 0.10214007782101167
6 0.32830739299610895 0.08219844357976654 0.6566147859922179 0.16439688715953307
3 0.6960116731517509 0.8929961089494164 0.2135214007782101 0.06760700389105058
5 0.7003891050583657 0.8934824902723736 0.1619649805447471 0.03842412451361868
0 0.24367704280155641 0.18968871595330739 0.10554474708171206 0.048638132295719845
0 0.4606031128404669 0.2144941634241245 0.11332684824902724 0.04669260700389105