0 0.372568093385214 0.3331712062256809 0.08073929961089495 0.04036964980544747
0 0.5311284046692607 0.3638132295719844 0.07392996108949416 0.045233463035019454
1 0.45087548638132297 0.40126459143968873 0.365272373540856 0.6634241245136187
4 0.44309338521400776 0.4158560311284047 0.0914396887159533 0.11673151750972763
0 0.8779182879377432 0.4703307392996109 0.07733463035019456 0.03939688715953307
1 0.9027237354085603 0.5082684824902723 0.18968871595330739 0.5457198443579766
4 0.955739299610895 0.5277237354085603 0.08414396887159534 0.11284046692607004
5 0.4343385214007782 0.5428015564202334 0.10311284046692606 0.03453307392996109
3 0.43142023346303504 0.546692607003891 0.1254863813229572 0.07149805447470817
5 0.9591439688715954 0.6405642023346303 0.07684824902723736 0.03599221789883268
3 0.9518482490272373 0.6488326848249028 0.0914396887159533 0.07684824902723736