0 0.9153696498054474 0.3331712062256809 0.0622568093385214 0.0646887159533074
0 0.8122568093385214 0.4182879377431907 0.07101167315175097 0.05787937743190662
1 0.8570038910505836 0.42169260700389105 0.2811284046692607 0.42071984435797666
0 0.6186770428015564 0.4260700389105058 0.06712062256809338 0.04231517509727627
4 0.9017509727626459 0.4270428015564202 0.08511673151750973 0.10165369649805447
0 0.47470817120622566 0.43142023346303504 0.08511673151750973 0.04328793774319066
3 0.9246108949416343 0.4781128404669261 0.1245136186770428 0.09776264591439689
1 0.5014591439688716 0.48735408560311283 0.32928015564202334 0.4713035019455253
4 0.5690661478599222 0.5058365758754864 0.0933852140077821 0.11381322957198443
5 0.5413424124513618 0.6011673151750972 0.10068093385214008 0.0311284046692607
3 0.544260700389105 0.6040856031128404 0.13764591439688717 0.0632295719844358
0 0.032101167315175094 0.20914396887159534 0.0622568093385214 0.03939688715953307
1 0.036478599221789886 0.2247081712062257 0.07247081712062257 0.35700389105058367