0 0.1502918287937743 0.35068093385214005 0.061284046692607 0.03453307392996109
0 0.2840466926070039 0.4046692607003891 0.08122568093385214 0.051070038910505836
0 0.9392023346303502 0.4260700389105058 0.06955252918287938 0.05252918287937743
4 0.19066147859922178 0.438715953307393 0.09192607003891051 0.11040856031128404
1 0.2140077821011673 0.4469844357976654 0.27626459143968873 0.4805447470817121
0 0.8287937743190662 0.4494163424124514 0.07003891050583658 0.04426070038910506
0 0.4027237354085603 0.4591439688715953 0.057392996108949414 0.04815175097276265
1 0.8832684824902723 0.4805447470817121 0.22616731517509728 0.4713035019455253
4 0.9036964980544747 0.5082684824902723 0.07830739299610895 0.0914396887159533
0 0.5141050583657587 0.5145914396887159 0.08219844357976654 0.04717898832684825
5 0.1916342412451362 0.5437743190661478 0.12062256809338522 0.052042801556420236
3 0.1921206225680934 0.544260700389105 0.1561284046692607 0.10505836575875487
1 0.504863813229572 0.556420233463035 0.3005836575875486 0.5286964980544747
4 0.41342412451361865 0.5627431906614786 0.09192607003891051 0.122568093385214
3 0.894455252918288 0.5997081712062257 0.12305447470817121 0.08998054474708171
5 0.8905642023346303 0.6026264591439688 0.09970817120622569 0.04231517509727627
5 0.4182879377431907 0.6629377431906615 0.07247081712062257 0.042801556420233464
3 0.4270428015564202 0.666828793774319 0.13618677042801555 0.0963035019455253