0 0.580739299610895 0.40029182879377434 0.0967898832684825 0.055933852140077824
0 0.9523346303501945 0.41147859922178986 0.08608949416342412 0.051070038910505836
0 0.4255836575875486 0.4178015564202335 0.08560311284046693 0.05544747081712062
1 0.5228599221789884 0.4567120622568093 0.36040856031128404 0.7762645914396887
1 0.943579766536965 0.5097276264591439 0.10797665369649806 0.754863813229572
4 0.9766536964980544 0.5345330739299611 0.046206225680933855 0.1546692607003891
4 0.5107003891050583 0.5374513618677043 0.10116731517509728 0.14494163424124515
5 0.5296692607003891 0.64931906614786 0.13715953307392997 0.07587548638132295
3 0.5277237354085603 0.6605058365758755 0.1575875486381323 0.10894941634241245
3 0.9776264591439688 0.6721789883268483 0.042801556420233464 0.09727626459143969
5 0.9878404669260701 0.6755836575875487 0.019455252918287938 0.04815175097276265