1 0.5622568093385214 0.188715953307393 0.042801556420233464 0.08122568093385214
1 0.06663424124513619 0.1916342412451362 0.042801556420233464 0.08268482490272373
1 0.3044747081712062 0.2232490272373541 0.0311284046692607 0.07198443579766536
1 0.6342412451361867 0.24027237354085604 0.046206225680933855 0.08657587548638132
1 0.4255836575875486 0.02821011673151751 0.036478599221789886 0.05252918287937743
1 0.813715953307393 0.028696498054474707 0.0325875486381323 0.05058365758754864
1 0.07976653696498054 0.2845330739299611 0.03842412451361868 0.07052529182879377
1 0.24124513618677043 0.29474708171206226 0.036478599221789886 0.07198443579766536
1 0.7845330739299611 0.032101167315175094 0.036478599221789886 0.06420233463035019
1 0.9518482490272373 0.33122568093385213 0.05398832684824903 0.08852140077821012
1 0.3467898832684825 0.3346303501945525 0.046206225680933855 0.09241245136186771
1 0.7699416342412452 0.35749027237354086 0.047665369649805445 0.10019455252918288
1 0.036478599221789886 0.35797665369649806 0.03599221789883268 0.07052529182879377
1 0.5919260700389105 0.38813229571984437 0.04912451361867704 0.08998054474708171
0 0.0963035019455253 0.4036964980544747 0.010700389105058366 0.010214007782101167
1 0.10505836575875487 0.4041828793774319 0.038910505836575876 0.0622568093385214
0 0.11040856031128404 0.4056420233463035 0.011673151750972763 0.006809338521400778
1 0.1522373540856031 0.04134241245136187 0.047665369649805445 0.07490272373540856
1 0.5457198443579766 0.4678988326848249 0.05642023346303502 0.10311284046692606
0 0.11040856031128404 0.4708171206225681 0.011673151750972763 0.00924124513618677
0 0.0933852140077821 0.4713035019455253 0.010214007782101167 0.00632295719844358
1 0.10116731517509728 0.4766536964980545 0.04134241245136187 0.09046692607003891
0 0.8891050583657587 0.48200389105058367 0.010214007782101167 0.00924124513618677
0 0.9036964980544747 0.48249027237354086 0.00924124513618677 0.008754863813229572
1 0.8978599221789884 0.48686770428015563 0.03842412451361868 0.07052529182879377
1 0.32490272373540857 0.4888132295719844 0.04377431906614786 0.09241245136186771
1 0.7986381322957199 0.5389105058365758 0.04085603112840467 0.07587548638132295
0 0.428988326848249 0.5437743190661478 0.010700389105058366 0.006809338521400778
1 0.9236381322957199 0.054474708171206226 0.03745136186770428 0.06420233463035019
0 0.4469844357976654 0.5447470817120622 0.01264591439688716 0.007782101167315175
1 0.441147859922179 0.5500972762645915 0.04474708171206226 0.08511673151750973
1 0.07247081712062257 0.05642023346303502 0.045233463035019454 0.08268482490272373
1 0.17607003891050585 0.5787937743190662 0.0622568093385214 0.11089494163424124
1 0.9207198443579766 0.6678015564202334 0.04474708171206226 0.08657587548638132
1 0.30739299610894943 0.07149805447470817 0.03745136186770428 0.06420233463035019
1 0.9518482490272373 0.7164396887159533 0.05398832684824903 0.10214007782101167
1 0.7135214007782101 0.7791828793774319 0.042801556420233464 0.0943579766536965
1 0.1264591439688716 0.7850194552529183 0.046206225680933855 0.09241245136186771
1 0.3788910505836576 0.8054474708171206 0.05009727626459144 0.08998054474708171
1 0.497568093385214 0.08560311284046693 0.03745136186770428 0.06955252918287938
1 0.252431906614786 0.8584630350194552 0.04669260700389105 0.08754863813229571
0 0.13472762645914396 0.9056420233463035 0.010700389105058366 0.00924124513618677
0 0.1546692607003891 0.9056420233463035 0.011673151750972763 0.008754863813229572
1 0.1517509727626459 0.9095330739299611 0.05009727626459144 0.10165369649805447
1 0.8385214007782101 0.0963035019455253 0.03988326848249027 0.07733463035019456
1 0.5914396887159533 0.09824902723735408 0.03745136186770428 0.07733463035019456
1 0.5267509727626459 0.14250972762645914 0.03356031128404669 0.08657587548638132
1 0.14785992217898833 0.1517509727626459 0.047665369649805445 0.08657587548638132
1 0.2806420233463035 0.15953307392996108 0.04912451361867704 0.07490272373540856
1 0.6571011673151751 0.17558365758754862 0.04134241245136187 0.08122568093385214