0 0.20671206225680933 0.20719844357976655 0.020428015564202335 0.016536964980544747
0 0.16780155642023345 0.21060311284046693 0.023346303501945526 0.022859922178988325
1 0.1823929961089494 0.22665369649805447 0.0943579766536965 0.1916342412451362
1 0.12062256809338522 0.23103112840466927 0.058365758754863814 0.16488326848249027
1 0.45428015564202334 0.25486381322957197 0.08365758754863813 0.14931906614785992
0 0.7485408560311284 0.26702334630350194 0.018968871595330738 0.014105058365758755
0 0.7806420233463035 0.2718871595330739 0.015077821011673152 0.01556420233463035
1 0.7490272373540856 0.2723735408560311 0.08657587548638132 0.16585603112840466
0 0.3142023346303502 0.2840466926070039 0.01799610894941634 0.017023346303501944
0 0.3453307392996109 0.28550583657587547 0.01799610894941634 0.01556420233463035
1 0.013618677042801557 0.28647859922178986 0.027237354085603113 0.17607003891050585
4 0.7636186770428015 0.2903696498054475 0.022859922178988325 0.0325875486381323
1 0.32636186770428016 0.2913424124513619 0.07490272373540856 0.14834630350194553
4 0.3321984435797665 0.3025291828793774 0.02091439688715953 0.038910505836575876
1 0.6794747081712063 0.3098249027237354 0.09046692607003891 0.17801556420233464
3 0.7592412451361867 0.321011673151751 0.028696498054474707 0.025778210116731516
3 0.32879377431906615 0.33608949416342415 0.027237354085603113 0.024319066147859923
0 0.867704280155642 0.5739299610894941 0.02091439688715953 0.020428015564202335
1 0.877431906614786 0.5773346303501945 0.08998054474708171 0.17023346303501946
0 0.5797665369649806 0.16488326848249027 0.018968871595330738 0.01556420233463035
1 0.5792801556420234 0.18482490272373542 0.08122568093385214 0.16342412451361868