0 0.43336575875486383 0.26799610894941633 0.023346303501945526 0.019455252918287938
1 0.4479571984435798 0.27675097276264593 0.10214007782101167 0.17412451361867703
0 0.4708171206225681 0.2786964980544747 0.024319066147859923 0.01799610894941634
0 0.1575875486381323 0.2786964980544747 0.02188715953307393 0.014105058365758755
0 0.89931906614786 0.2791828793774319 0.020428015564202335 0.01799610894941634
0 0.1293774319066148 0.2791828793774319 0.016536964980544747 0.01264591439688716
1 0.1522373540856031 0.28745136186770426 0.07052529182879377 0.11867704280155641
1 0.8813229571984436 0.29669260700389105 0.08511673151750973 0.19601167315175097
0 0.2850194552529183 0.3224708171206226 0.015077821011673152 0.014105058365758755
0 0.311284046692607 0.32636186770428016 0.01799610894941634 0.013132295719844358
1 0.3098249027237354 0.33608949416342415 0.07587548638132295 0.14056420233463035
0 0.7859922178988327 0.34922178988326846 0.024319066147859923 0.020428015564202335
0 0.8321984435797666 0.35992217898832685 0.027237354085603113 0.02480544747081712
1 0.796692607003891 0.37937743190661477 0.11235408560311284 0.21254863813229571
4 0.8073929961089494 0.38180933852140075 0.02821011673151751 0.045233463035019454
0 0.6288910505836576 0.39007782101167315 0.017023346303501944 0.014105058365758755
1 0.6332684824902723 0.3954280155642023 0.07733463035019456 0.14396887159533073
0 0.6571011673151751 0.3959143968871595 0.015077821011673152 0.013132295719844358
3 0.8035019455252919 0.42461089494163423 0.05058365758754864 0.0311284046692607