6 0.5262645914396887 0.24124513618677043 0.2178988326848249 0.2178988326848249
0 0.5700389105058365 0.3458171206225681 0.04134241245136187 0.028696498054474707
0 0.48151750972762647 0.3516536964980545 0.04377431906614786 0.029669260700389104
1 0.5267509727626459 0.3642996108949416 0.19990272373540857 0.3779182879377432
1 0.8244163424124513 0.41245136186770426 0.11089494163424124 0.24756809338521402
1 0.42266536964980544 0.44990272373540857 0.042801556420233464 0.125
1 0.06955252918287938 0.44990272373540857 0.07344357976653697 0.11867704280155641
1 0.8973735408560312 0.4576848249027237 0.05690661478599222 0.1220817120622568
4 0.04669260700389105 0.46254863813229574 0.019455252918287938 0.02821011673151751
1 0.6843385214007782 0.4674124513618677 0.029669260700389104 0.05544747081712062
1 0.6342412451361867 0.4717898832684825 0.04377431906614786 0.11235408560311284
1 0.31955252918287935 0.4771400778210117 0.08852140077821012 0.1828793774319066
1 0.24221789883268482 0.48200389105058367 0.07490272373540856 0.125
0 0.05982490272373541 0.5544747081712063 0.015077821011673152 0.015077821011673152
1 0.05642023346303502 0.5719844357976653 0.07976653696498054 0.1507782101167315