0 0.5291828793774319 0.14737354085603113 0.02188715953307393 0.023346303501945526
0 0.4970817120622568 0.14883268482490272 0.020428015564202335 0.01799610894941634
1 0.5009727626459144 0.17071984435797666 0.08852140077821012 0.16731517509727625
0 0.563715953307393 0.23540856031128404 0.013132295719844358 0.016536964980544747
0 0.8453307392996109 0.2835603112840467 0.025778210116731516 0.017023346303501944
1 0.25729571984435795 0.2908560311284047 0.0622568093385214 0.10165369649805447
0 0.7986381322957199 0.2908560311284047 0.028696498054474707 0.02091439688715953
1 0.04474708171206226 0.29620622568093385 0.07198443579766536 0.13132295719844359
1 0.8249027237354085 0.3146887159533074 0.12791828793774318 0.19747081712062256
1 0.14542801556420235 0.3341439688715953 0.0963035019455253 0.20914396887159534
1 0.921692607003891 0.3560311284046693 0.042801556420233464 0.07830739299610895
0 0.23881322957198445 0.372568093385214 0.016536964980544747 0.01556420233463035
0 0.2602140077821012 0.37986381322957197 0.014105058365758755 0.01556420233463035
1 0.2509727626459144 0.37986381322957197 0.06857976653696499 0.1220817120622568
1 0.703307392996109 0.42169260700389105 0.05690661478599222 0.11819066147859922
0 0.9051556420233463 0.42363813229571984 0.01556420233463035 0.01264591439688716
1 0.7587548638132295 0.4255836575875486 0.046206225680933855 0.07490272373540856
1 0.9056420233463035 0.43142023346303504 0.05690661478599222 0.10311284046692606
0 0.03501945525291829 0.44309338521400776 0.020428015564202335 0.018968871595330738
0 0.06566147859922179 0.4469844357976654 0.018968871595330738 0.018968871595330738
1 0.05642023346303502 0.45136186770428016 0.08998054474708171 0.12889105058365757
1 0.943579766536965 0.46254863813229574 0.05690661478599222 0.08511673151750973