1 0.20525291828793774 0.18482490272373542 0.058365758754863814 0.1303501945525292
1 0.02480544747081712 0.2174124513618677 0.048638132295719845 0.1264591439688716
4 0.021400778210116732 0.22714007782101167 0.015077821011673152 0.03453307392996109
1 0.8511673151750972 0.3453307392996109 0.19601167315175097 0.43044747081712065
0 0.9017509727626459 0.384727626459144 0.05544747081712062 0.04474708171206226
0 0.8103112840466926 0.3852140077821012 0.045233463035019454 0.04231517509727627
1 0.35992217898832685 0.490272373540856 0.2232490272373541 0.4790856031128405
0 0.2830739299610895 0.5116731517509727 0.04085603112840467 0.04134241245136187
0 0.3720817120622568 0.5228599221789884 0.04669260700389105 0.04669260700389105
1 0.6872568093385214 0.07782101167315175 0.04669260700389105 0.10797665369649806
1 0.44357976653696496 0.1293774319066148 0.10068093385214008 0.19552529182879377
4 0.438715953307393 0.1517509727626459 0.022859922178988325 0.04377431906614786
1 0.25778210116731515 0.17315175097276264 0.07587548638132295 0.16488326848249027