6 0.818579766536965 0.181420233463035 0.08608949416342412 0.07198443579766536
0 0.26750972762645914 0.18531128404669261 0.01264591439688716 0.00924124513618677
0 0.24756809338521402 0.186284046692607 0.01264591439688716 0.00924124513618677
1 0.2509727626459144 0.1916342412451362 0.05787937743190662 0.10019455252918288
1 0.433852140077821 0.20817120622568094 0.04669260700389105 0.07247081712062257
4 0.4280155642023346 0.2169260700389105 0.00924124513618677 0.01799610894941634
0 0.813715953307393 0.2193579766536965 0.010700389105058366 0.010214007782101167
0 0.8025291828793775 0.2232490272373541 0.007782101167315175 0.00924124513618677
1 0.828307392996109 0.2247081712062257 0.0622568093385214 0.1259727626459144
1 0.38959143968871596 0.22714007782101167 0.038910505836575876 0.061770428015564205
1 0.5034046692607004 0.23297665369649806 0.04231517509727627 0.07344357976653697
3 0.428988326848249 0.23346303501945526 0.015077821011673152 0.00924124513618677
4 0.806420233463035 0.23784046692607003 0.013132295719844358 0.025778210116731516
6 0.64931906614786 0.23978599221789884 0.0646887159533074 0.06809338521400778
3 0.8142023346303502 0.2587548638132296 0.015077821011673152 0.010214007782101167
1 0.9221789883268483 0.26507782101167315 0.0622568093385214 0.13132295719844359
0 0.7461089494163424 0.2714007782101167 0.01264591439688716 0.010214007782101167
1 0.754863813229572 0.2733463035019455 0.05787937743190662 0.10019455252918288
0 0.732976653696498 0.27383268482490275 0.008754863813229572 0.006809338521400778
1 0.646887159533074 0.27577821011673154 0.05252918287937743 0.11478599221789883
0 0.6352140077821011 0.2786964980544747 0.00924124513618677 0.006809338521400778
1 0.45525291828793774 0.2816147859922179 0.04377431906614786 0.08122568093385214
4 0.4464980544747082 0.3005836575875486 0.008754863813229572 0.017023346303501944