0 0.24319066147859922 0.29426070038910507 0.01799610894941634 0.016536964980544747
0 0.27675097276264593 0.29815175097276264 0.020428015564202335 0.017023346303501944
1 0.25583657587548636 0.29912451361867703 0.07101167315175097 0.13667315175097275
0 0.04571984435797665 0.30009727626459143 0.01799610894941634 0.01799610894941634
1 0.6415369649805448 0.3010700389105058 0.08900778210116732 0.14785992217898833
0 0.07295719844357977 0.30496108949416345 0.01799610894941634 0.01556420233463035
1 0.05933852140077821 0.316147859922179 0.0646887159533074 0.13910505836575876
1 0.44260700389105057 0.33657587548638135 0.08219844357976654 0.14445525291828792
0 0.7709143968871596 0.27383268482490275 0.019455252918287938 0.017023346303501944
0 0.796692607003891 0.2777237354085603 0.02091439688715953 0.01799610894941634
1 0.7996108949416343 0.2928015564202335 0.08900778210116732 0.14785992217898833