0 0.5530155642023347 0.3224708171206226 0.01264591439688716 0.010700389105058366
1 0.5486381322957199 0.32830739299610895 0.05544747081712062 0.11089494163424124
0 0.34873540856031127 0.3317120622568093 0.01264591439688716 0.010214007782101167
1 0.3356031128404669 0.3341439688715953 0.06712062256809338 0.1220817120622568
1 0.2782101167315175 0.39153696498054474 0.06031128404669261 0.11721789883268482
1 0.671692607003891 0.42169260700389105 0.05398832684824903 0.0928988326848249
0 0.5141050583657587 0.436284046692607 0.010214007782101167 0.013132295719844358
0 0.5 0.4382295719844358 0.015077821011673152 0.013132295719844358
1 0.49221789883268485 0.4489299610894942 0.07101167315175097 0.12743190661478598
1 0.7636186770428015 0.4713035019455253 0.05058365758754864 0.12013618677042802
1 0.061284046692607 0.49513618677042803 0.11964980544747082 0.2203307392996109
1 0.13813229571984437 0.5384241245136187 0.07344357976653697 0.14056420233463035
1 0.8560311284046692 0.5515564202334631 0.06663424124513619 0.17509727626459143
0 0.26605058365758755 0.6016536964980544 0.015077821011673152 0.014105058365758755
0 0.23784046692607003 0.6162451361867705 0.02091439688715953 0.017023346303501944
1 0.24319066147859922 0.6220817120622568 0.08365758754863813 0.1571011673151751