1 0.938715953307393 0.08803501945525292 0.11478599221789883 0.16974708171206226
0 0.22519455252918288 0.19698443579766536 0.0306420233463035 0.023346303501945526
0 0.2709143968871595 0.19844357976653695 0.032101167315175094 0.023346303501945526
1 0.25583657587548636 0.20817120622568094 0.1614785992217899 0.30009727626459143
0 0.38764591439688717 0.29961089494163423 0.03745136186770428 0.03501945525291829
0 0.44406614785992216 0.30593385214007784 0.045233463035019454 0.02480544747081712
1 0.4275291828793774 0.308852140077821 0.21498054474708173 0.32879377431906615
0 0.8570038910505836 0.3526264591439689 0.05544747081712062 0.0311284046692607
0 0.7723735408560312 0.36138132295719844 0.046206225680933855 0.04085603112840467
1 0.8069066147859922 0.3642996108949416 0.2772373540856031 0.48443579766536965
1 0.14931906614785992 0.39202334630350194 0.21498054474708173 0.42023346303501946