6 0.7767509727626459 0.3414396887159533 0.28745136186770426 0.21498054474708173
0 0.767023346303502 0.4085603112840467 0.03599221789883268 0.03356031128404669
0 0.7115758754863813 0.42169260700389105 0.03453307392996109 0.03842412451361868
6 0.4654669260700389 0.42461089494163423 0.25 0.24075875486381323
1 0.7752918287937743 0.45282101167315175 0.15321011673151752 0.3205252918287938
0 0.44503891050583655 0.4664396887159533 0.03453307392996109 0.038910505836575876
0 0.5029182879377432 0.48638132295719844 0.03745136186770428 0.03988326848249027
1 0.4678988326848249 0.504863813229572 0.16391050583657588 0.29474708171206226
6 0.28745136186770426 0.5141050583657587 0.1522373540856031 0.17947470817120623
0 0.259727626459144 0.5666342412451362 0.042801556420233464 0.04474708171206226
0 0.31760700389105057 0.6084630350194552 0.028696498054474707 0.04085603112840467
1 0.26410505836575876 0.617704280155642 0.1609922178988327 0.28891050583657585