0 0.5296692607003891 0.2178988326848249 0.04085603112840467 0.025778210116731516
0 0.46157587548638135 0.2203307392996109 0.046206225680933855 0.025778210116731516
0 0.7928015564202334 0.22081712062256809 0.04134241245136187 0.024319066147859923
0 0.8618677042801557 0.2227626459143969 0.047665369649805445 0.02480544747081712
1 0.4970817120622568 0.23540856031128404 0.16488326848249027 0.2796692607003891
0 0.193579766536965 0.23784046692607003 0.038910505836575876 0.023346303501945526
0 0.1240272373540856 0.24075875486381323 0.046206225680933855 0.02821011673151751
1 0.8278210116731517 0.24319066147859922 0.17898832684824903 0.27431906614785995
1 0.16536964980544747 0.2490272373540856 0.17509727626459143 0.2821011673151751
0 0.19406614785992218 0.7276264591439688 0.045233463035019454 0.024319066147859923
0 0.1240272373540856 0.7290856031128404 0.048638132295719845 0.028696498054474707
0 0.7986381322957199 0.732976653696498 0.04231517509727627 0.025778210116731516
0 0.8711089494163424 0.7349221789883269 0.047665369649805445 0.02821011673151751
0 0.46108949416342415 0.7378404669260701 0.046206225680933855 0.02821011673151751
0 0.5345330739299611 0.7392996108949417 0.046206225680933855 0.029669260700389104
1 0.8341439688715954 0.7485408560311284 0.17801556420233464 0.2845330739299611
1 0.1575875486381323 0.75 0.17898832684824903 0.2811284046692607
1 0.4965953307392996 0.7675097276264592 0.17120622568093385 0.2835603112840467