0 0.39883268482490275 0.2689688715953307 0.01556420233463035 0.011673151750972763
0 0.3667315175097276 0.2689688715953307 0.01799610894941634 0.010700389105058366
0 0.5778210116731517 0.2714007782101167 0.017023346303501944 0.00924124513618677
0 0.5505836575875487 0.27431906614785995 0.01799610894941634 0.008754863813229572
1 0.5646887159533074 0.2835603112840467 0.07441634241245136 0.13764591439688717
1 0.3779182879377432 0.28550583657587547 0.07490272373540856 0.14007782101167315
0 0.20379377431906615 0.29863813229571984 0.01799610894941634 0.013132295719844358
0 0.23346303501945526 0.30690661478599224 0.016536964980544747 0.011673151750972763
1 0.2135214007782101 0.3205252918287938 0.08268482490272373 0.14299610894941633
6 0.9421206225680934 0.4674124513618677 0.07198443579766536 0.0914396887159533
0 0.8180933852140078 0.4790856031128405 0.010214007782101167 0.008754863813229572
0 0.9109922178988327 0.4800583657587549 0.011673151750972763 0.011673151750972763
0 0.8039883268482491 0.4805447470817121 0.00924124513618677 0.007782101167315175
0 0.9333657587548638 0.48297665369649806 0.01556420233463035 0.011673151750972763
1 0.8205252918287937 0.48394941634241245 0.04474708171206226 0.07441634241245136
4 0.811284046692607 0.49221789883268485 0.00924124513618677 0.016536964980544747
1 0.9357976653696498 0.4961089494163424 0.06420233463035019 0.10846303501945526
4 0.9173151750972762 0.4970817120622568 0.015077821011673152 0.02480544747081712
3 0.811284046692607 0.5077821011673151 0.014105058365758755 0.010214007782101167
3 0.9178015564202334 0.5223735408560312 0.023346303501945526 0.013132295719844358
1 0.7709143968871596 0.5500972762645915 0.03988326848249027 0.06857976653696499