0 0.09873540856031128 0.259727626459144 0.060797665369649805 0.048638132295719845
1 0.13959143968871596 0.2699416342412451 0.17947470817120623 0.32830739299610895
0 0.18531128404669261 0.2806420233463035 0.054474708171206226 0.042801556420233464
0 0.4494163424124514 0.35651750972762647 0.038910505836575876 0.027237354085603113
0 0.7607003891050583 0.35797665369649806 0.03988326848249027 0.029669260700389104
0 0.7096303501945526 0.3642996108949416 0.03599221789883268 0.0311284046692607
0 0.39250972762645914 0.37013618677042803 0.032101167315175094 0.019455252918287938
1 0.4182879377431907 0.37013618677042803 0.14445525291828792 0.2718871595330739
1 0.7392996108949417 0.3715953307392996 0.14396887159533073 0.26313229571984437
0 0.892023346303502 0.07149805447470817 0.027237354085603113 0.029669260700389104
1 0.42169260700389105 0.7928015564202334 0.3351167315175097 0.41342412451361865
1 0.892023346303502 0.08463035019455253 0.11089494163424124 0.16926070038910507
0 0.4469844357976654 0.08657587548638132 0.019455252918287938 0.022859922178988325
0 0.49416342412451364 0.8939688715953308 0.08122568093385214 0.05933852140077821
0 0.3448443579766537 0.9041828793774319 0.0943579766536965 0.058365758754863814
0 0.857976653696498 0.09873540856031128 0.026750972762645913 0.026750972762645913
1 0.6459143968871596 0.09922178988326848 0.0928988326848249 0.1819066147859922
1 0.44357976653696496 0.10214007782101167 0.0914396887159533 0.17169260700389105