1 0.6400778210116731 0.2188715953307393 0.0963035019455253 0.16780155642023345
1 0.497568093385214 0.22762645914396887 0.08025291828793775 0.1819066147859922
0 0.5749027237354085 0.25437743190661477 0.022859922178988325 0.02091439688715953
0 0.6050583657587548 0.2587548638132296 0.020428015564202335 0.02091439688715953
1 0.5705252918287937 0.26507782101167315 0.09776264591439689 0.17898832684824903
0 0.047665369649805445 0.26605058365758755 0.01799610894941634 0.01556420233463035
0 0.08171206225680934 0.2704280155642023 0.016536964980544747 0.01556420233463035
1 0.2529182879377432 0.2714007782101167 0.08657587548638132 0.16780155642023345
1 0.06031128404669261 0.2718871595330739 0.08608949416342412 0.16634241245136186
1 0.9090466926070039 0.14250972762645914 0.09533073929961089 0.1882295719844358
1 0.8268482490272373 0.16488326848249027 0.07830739299610895 0.16391050583657588
1 0.7417315175097277 0.16585603112840466 0.09922178988326848 0.19455252918287938