0 0.436284046692607 0.21157587548638132 0.023346303501945526 0.027237354085603113
1 0.45379377431906615 0.2135214007782101 0.07101167315175097 0.16731517509727625
0 0.4693579766536965 0.2144941634241245 0.019455252918287938 0.02188715953307393
1 0.5569066147859922 0.3959143968871595 0.03988326848249027 0.11235408560311284
6 0.10554474708171206 0.4095330739299611 0.05690661478599222 0.09046692607003891
4 0.5656614785992218 0.4100194552529183 0.00632295719844358 0.016536964980544747
1 0.11040856031128404 0.4474708171206226 0.04912451361867704 0.11721789883268482
0 0.10457198443579767 0.4494163424124514 0.01264591439688716 0.014105058365758755
0 0.122568093385214 0.45087548638132297 0.011673151750972763 0.01264591439688716
4 0.11527237354085604 0.4649805447470817 0.01264591439688716 0.023346303501945526
3 0.11381322957198443 0.48638132295719844 0.01556420233463035 0.013132295719844358
1 0.6361867704280155 0.517023346303502 0.03356031128404669 0.07344357976653697
4 0.6240272373540856 0.5267509727626459 0.010700389105058366 0.02091439688715953
6 0.9698443579766537 0.5286964980544747 0.058365758754863814 0.0928988326848249
3 0.6269455252918288 0.5447470817120622 0.010700389105058366 0.00924124513618677
0 0.9902723735408561 0.5758754863813229 0.01556420233463035 0.01799610894941634
0 0.9659533073929961 0.5763618677042801 0.02091439688715953 0.023346303501945526
1 0.9742217898832685 0.5802529182879378 0.05009727626459144 0.17023346303501946
6 0.8054474708171206 0.5899805447470817 0.06566147859922179 0.06420233463035019
4 0.9785992217898832 0.5963035019455253 0.018968871595330738 0.0325875486381323
3 0.9800583657587548 0.622568093385214 0.029669260700389104 0.015077821011673152
1 0.8073929961089494 0.625 0.07052529182879377 0.13521400778210116
4 0.8146887159533074 0.6391050583657587 0.013132295719844358 0.022859922178988325
0 0.6128404669260701 0.7271400778210116 0.018968871595330738 0.02091439688715953
0 0.5865758754863813 0.7300583657587548 0.017023346303501944 0.022859922178988325
1 0.6162451361867705 0.7402723735408561 0.08268482490272373 0.18433852140077822
6 0.6999027237354085 0.7504863813229572 0.09824902723735408 0.10943579766536965
4 0.5982490272373541 0.7509727626459144 0.019455252918287938 0.038910505836575876
3 0.6040856031128404 0.7903696498054474 0.029669260700389104 0.02091439688715953
0 0.7188715953307393 0.7952334630350194 0.028696498054474707 0.02188715953307393
0 0.6823929961089494 0.8044747081712063 0.02188715953307393 0.02480544747081712
4 0.7047665369649806 0.8190661478599222 0.022859922178988325 0.03842412451361868
1 0.7023346303501945 0.8205252918287937 0.0967898832684825 0.17752918287937744