0 0.6357003891050583 0.13132295719844359 0.014105058365758755 0.011673151750972763
0 0.6624513618677043 0.13229571984435798 0.01799610894941634 0.015077821011673152
1 0.6551556420233463 0.13667315175097275 0.05933852140077821 0.1303501945525292
0 0.4377431906614786 0.19552529182879377 0.015077821011673152 0.014105058365758755
1 0.8584630350194552 0.19552529182879377 0.05252918287937743 0.13424124513618677
0 0.46449416342412453 0.19552529182879377 0.01799610894941634 0.014105058365758755
1 0.8214980544747081 0.19892996108949415 0.046206225680933855 0.1240272373540856
1 0.45136186770428016 0.20525291828793774 0.07247081712062257 0.17120622568093385
1 0.7577821011673151 0.2203307392996109 0.06420233463035019 0.1240272373540856
1 0.9460116731517509 0.23297665369649806 0.038910505836575876 0.0938715953307393
1 0.38861867704280156 0.245136186770428 0.0646887159533074 0.16342412451361868
0 0.6541828793774319 0.24610894941634243 0.019455252918287938 0.020428015564202335
0 0.6848249027237354 0.2509727626459144 0.018968871595330738 0.017023346303501944
1 0.6731517509727627 0.26507782101167315 0.06857976653696499 0.1614785992217899
6 0.6882295719844358 0.4654669260700389 0.0928988326848249 0.08754863813229571
6 0.24221789883268482 0.053501945525291826 0.11429961089494163 0.10700389105058365
0 0.7067120622568094 0.5471789883268483 0.016536964980544747 0.014105058365758755
1 0.6955252918287937 0.5603112840466926 0.09776264591439689 0.1877431906614786
0 0.6731517509727627 0.5632295719844358 0.017023346303501944 0.01799610894941634
1 0.23200389105058367 0.11284046692607004 0.07490272373540856 0.2140077821011673