1 0.8769455252918288 0.1819066147859922 0.17120622568093385 0.31857976653696496
6 0.0622568093385214 0.2130350194552529 0.10603112840466926 0.14056420233463035
0 0.6498054474708171 0.24270428015564202 0.020428015564202335 0.023346303501945526
0 0.6099221789883269 0.2694552529182879 0.02188715953307393 0.024319066147859923
1 0.06420233463035019 0.2699416342412451 0.08998054474708171 0.2140077821011673
1 0.3526264591439689 0.2821011673151751 0.09922178988326848 0.19552529182879377
1 0.6439688715953308 0.29426070038910507 0.12743190661478598 0.23200389105058367
1 0.5471789883268483 0.3754863813229572 0.03599221789883268 0.06955252918287938
1 0.507295719844358 0.3866731517509728 0.02821011673151751 0.05690661478599222
1 0.4353112840466926 0.4066147859922179 0.05301556420233463 0.0938715953307393
4 0.4455252918287938 0.41342412451361865 0.010214007782101167 0.018968871595330738
3 0.446011673151751 0.43142023346303504 0.010700389105058366 0.010700389105058366
0 0.5719844357976653 0.44503891050583655 0.0029182879377431907 0.0048638132295719845
0 0.5651750972762646 0.4474708171206226 0.005350194552529183 0.0038910505836575876
1 0.5656614785992218 0.4474708171206226 0.027237354085603113 0.05398832684824903
6 0.8818093385214008 0.11381322957198443 0.22178988326848248 0.22568093385214008