1 0.5457198443579766 0.15369649805447472 0.05301556420233463 0.11867704280155641
0 0.7237354085603113 0.15418287937743191 0.010700389105058366 0.00924124513618677
0 0.7008754863813229 0.15856031128404668 0.013132295719844358 0.00924124513618677
1 0.7071984435797666 0.16682879377431906 0.0622568093385214 0.12354085603112841
0 0.17217898832684825 0.16828793774319067 0.007782101167315175 0.00632295719844358
0 0.1571011673151751 0.16974708171206226 0.008754863813229572 0.006809338521400778
1 0.15904669260700388 0.17801556420233464 0.04231517509727627 0.07587548638132295
0 0.07587548638132295 0.1828793774319066 0.006809338521400778 0.0048638132295719845
0 0.06031128404669261 0.18531128404669261 0.00924124513618677 0.006809338521400778
1 0.06566147859922179 0.19017509727626458 0.04134241245136187 0.07198443579766536
1 0.28842412451361865 0.2183852140077821 0.045233463035019454 0.06663424124513619
1 0.6279182879377432 0.22519455252918288 0.028696498054474707 0.058365758754863814
4 0.6332684824902723 0.23492217898832685 0.006809338521400778 0.011673151750972763
1 0.2188715953307393 0.24367704280155641 0.02091439688715953 0.03599221789883268
6 0.9494163424124513 0.04134241245136187 0.09922178988326848 0.08268482490272373
1 0.9440661478599222 0.0943579766536965 0.07830739299610895 0.13278210116731518
0 0.433852140077821 0.11964980544747082 0.011673151750972763 0.008754863813229572
0 0.45136186770428016 0.1220817120622568 0.007782101167315175 0.008754863813229572
1 0.43142023346303504 0.12791828793774318 0.05058365758754864 0.09824902723735408
0 0.5535019455252919 0.14250972762645914 0.010214007782101167 0.010214007782101167