1 0.5262645914396887 0.1507782101167315 0.05690661478599222 0.07636186770428016
0 0.7986381322957199 0.16488326848249027 0.00924124513618677 0.00924124513618677
0 0.813715953307393 0.16731517509727625 0.010700389105058366 0.010214007782101167
1 0.8117704280155642 0.17315175097276264 0.05009727626459144 0.09046692607003891
4 0.664396887159533 0.19795719844357976 0.010700389105058366 0.022859922178988325
1 0.6775291828793775 0.20136186770428016 0.054474708171206226 0.09922178988326848
0 0.4912451361867704 0.20963035019455253 0.010700389105058366 0.00924124513618677
1 0.4985408560311284 0.21108949416342412 0.05690661478599222 0.0943579766536965
0 0.4781128404669261 0.21108949416342412 0.00632295719844358 0.00924124513618677
3 0.6624513618677043 0.2193579766536965 0.017023346303501944 0.013132295719844358
0 0.3954280155642023 0.2198443579766537 0.00632295719844358 0.00924124513618677
0 0.41099221789883267 0.22081712062256809 0.013132295719844358 0.011673151750972763
1 0.4567120622568093 0.2232490272373541 0.03842412451361868 0.09046692607003891
1 0.41293774319066145 0.22762645914396887 0.04912451361867704 0.09824902723735408
1 0.18531128404669261 0.23832684824902725 0.045233463035019454 0.08365758754863813
1 0.26848249027237353 0.24124513618677043 0.04669260700389105 0.0967898832684825
1 0.5184824902723736 0.259727626459144 0.05252918287937743 0.11235408560311284
1 0.04426070038910506 0.26653696498054474 0.05544747081712062 0.0914396887159533
1 0.8039883268482491 0.31663424124513617 0.06420233463035019 0.11964980544747082
1 0.5802529182879378 0.3326848249027237 0.06566147859922179 0.12889105058365757
1 0.6999027237354085 0.34873540856031127 0.08268482490272373 0.1614785992217899
0 0.8895914396887159 0.4066147859922179 0.01799610894941634 0.01799610894941634
4 0.8535992217898832 0.4071011673151751 0.01556420233463035 0.025778210116731516
1 0.9255836575875487 0.4095330739299611 0.0967898832684825 0.20865758754863814
0 0.9231517509727627 0.41391050583657585 0.020428015564202335 0.016536964980544747
1 0.8711089494163424 0.4158560311284047 0.05933852140077821 0.11575875486381323
3 0.85068093385214 0.4294747081712062 0.010700389105058366 0.01799610894941634