1 0.0963035019455253 0.17169260700389105 0.0646887159533074 0.13424124513618677
0 0.2709143968871595 0.2509727626459144 0.008754863813229572 0.006809338521400778
0 0.2514591439688716 0.2509727626459144 0.00924124513618677 0.00632295719844358
1 0.2587548638132296 0.26313229571984437 0.047665369649805445 0.0938715953307393
0 0.620136186770428 0.26653696498054474 0.010214007782101167 0.007782101167315175
0 0.6361867704280155 0.26799610894941633 0.006809338521400778 0.005350194552529183
1 0.6240272373540856 0.27431906614785995 0.04085603112840467 0.07733463035019456
0 0.7446498054474708 0.29620622568093385 0.00924124513618677 0.0048638132295719845
0 0.7349221789883269 0.29669260700389105 0.005350194552529183 0.005350194552529183
4 0.7358949416342413 0.301556420233463 0.00924124513618677 0.01556420233463035
1 0.75 0.30787937743190663 0.04134241245136187 0.07587548638132295
1 0.39250972762645914 0.3404669260700389 0.03842412451361868 0.07101167315175097