1 0.29669260700389105 0.17169260700389105 0.04231517509727627 0.08998054474708171
1 0.36186770428015563 0.17363813229571984 0.04669260700389105 0.10700389105058365
1 0.8837548638132295 0.17898832684824903 0.048638132295719845 0.10165369649805447
0 0.931420233463035 0.1857976653696498 0.01264591439688716 0.013132295719844358
0 0.9513618677042801 0.19406614785992218 0.01264591439688716 0.013132295719844358
0 0.08219844357976654 0.19503891050583658 0.015077821011673152 0.011673151750972763
1 0.7607003891050583 0.19601167315175097 0.04912451361867704 0.10311284046692606
0 0.10019455252918288 0.19795719844357976 0.00924124513618677 0.011673151750972763
1 0.9426070038910506 0.19990272373540857 0.05933852140077821 0.10603112840466926
0 0.5291828793774319 0.20282101167315175 0.010700389105058366 0.010214007782101167
1 0.8078793774319066 0.20476653696498054 0.04377431906614786 0.08219844357976654
4 0.8098249027237354 0.20525291828793774 0.00924124513618677 0.02188715953307393
0 0.566147859922179 0.20573929961089493 0.011673151750972763 0.010700389105058366
1 0.07636186770428016 0.20865758754863814 0.06031128404669261 0.12889105058365757
0 0.5481517509727627 0.20865758754863814 0.01264591439688716 0.011673151750972763
1 0.5267509727626459 0.21108949416342412 0.04377431906614786 0.11089494163424124
1 0.5666342412451362 0.2169260700389105 0.05155642023346303 0.11186770428015565
6 0.6551556420233463 0.2183852140077821 0.08122568093385214 0.07636186770428016
1 0.4046692607003891 0.22081712062256809 0.048638132295719845 0.10846303501945526
1 0.47422178988326846 0.2232490272373541 0.038910505836575876 0.08268482490272373
3 0.8103112840466926 0.22568093385214008 0.015077821011673152 0.01264591439688716
0 0.3657587548638132 0.22665369649805447 0.010214007782101167 0.01264591439688716
0 0.3433852140077821 0.23151750972762647 0.017023346303501944 0.013132295719844358
0 0.6021400778210116 0.24708171206225682 0.01264591439688716 0.010214007782101167
1 0.3463035019455253 0.2480544747081712 0.05933852140077821 0.13521400778210116
1 0.6089494163424124 0.2529182879377432 0.04474708171206226 0.0938715953307393
0 0.181420233463035 0.25535019455252916 0.010214007782101167 0.011673151750972763
0 0.1609922178988327 0.25680933852140075 0.015077821011673152 0.011673151750972763
1 0.6614785992217899 0.26459143968871596 0.05690661478599222 0.14834630350194553
1 0.1614785992217899 0.26605058365758755 0.054474708171206226 0.11721789883268482
0 0.6381322957198443 0.2689688715953307 0.008754863813229572 0.01264591439688716
0 0.6575875486381323 0.27480544747081714 0.013132295719844358 0.014105058365758755
1 0.7091439688715954 0.29863813229571984 0.05787937743190662 0.14202334630350194
1 0.4469844357976654 0.4571984435797665 0.06712062256809338 0.1240272373540856