1 0.8428988326848249 0.14640077821011674 0.04474708171206226 0.09241245136186771
1 0.6288910505836576 0.15369649805447472 0.08219844357976654 0.1546692607003891
0 0.9761673151750972 0.181420233463035 0.01799610894941634 0.013132295719844358
0 0.9455252918287937 0.1833657587548638 0.020428015564202335 0.015077821011673152
1 0.9537937743190662 0.20330739299610895 0.07587548638132295 0.16488326848249027
0 0.022859922178988325 0.2242217898832685 0.011673151750972763 0.014105058365758755
1 0.021400778210116732 0.24027237354085604 0.042801556420233464 0.1259727626459144
1 0.4591439688715953 0.2689688715953307 0.047665369649805445 0.10311284046692606
1 0.7509727626459144 0.29863813229571984 0.08657587548638132 0.20914396887159534
1 0.18433852140077822 0.323443579766537 0.0914396887159533 0.22130350194552528
0 0.19455252918287938 0.3239299610894942 0.020428015564202335 0.01799610894941634
1 0.3424124513618677 0.38229571984435795 0.22519455252918288 0.45525291828793774
0 0.16439688715953307 0.3978599221789883 0.023346303501945526 0.020428015564202335
0 0.11916342412451363 0.41147859922178986 0.0306420233463035 0.02480544747081712
1 0.6128404669260701 0.41926070038910507 0.14153696498054474 0.2607003891050584
2 0.33706225680933855 0.4294747081712062 0.20865758754863814 0.33900778210116733
1 0.13180933852140078 0.43093385214007784 0.11089494163424124 0.25778210116731515
1 0.5082684824902723 0.08073929961089495 0.045233463035019454 0.08219844357976654
6 0.1926070038910506 0.10797665369649806 0.0632295719844358 0.05787937743190662
1 0.7495136186770428 0.1254863813229572 0.036478599221789886 0.07636186770428016
1 0.1926070038910506 0.14153696498054474 0.0646887159533074 0.12354085603112841